EAST PENINSIULAR INDIA MONTHLY, SEASONAL AND ANNUAL RAINFALL SERIES FOR THE PERIOD 1848-2006. THE RAINFALL FIGURES ARE IN MM.
YEAR      J      F      M      A      M      J     JU      A      S      O      N      D    ANN     JF    MAM   JJAS    OND
1848    7.5   15.5   12.9   22.4   45.1  156.4  219.2  200.1  113.8  209.7   36.6    3.5 1042.7   23.0   80.4  689.5  249.8
1849   18.6    4.4    7.1   15.0   22.1  161.3  186.3  208.2  165.0   81.7   21.3  150.8 1041.8   23.0   44.2  720.8  253.9
1850    2.7    7.7    3.4   20.5   19.4  165.8  284.5  153.1  160.6  183.8   42.6    3.6 1047.7   10.4   43.3  763.9  230.0
1851    2.7    9.0    3.2   28.6   24.0  126.8  291.7  202.5  134.1  163.9   77.9    3.6 1068.2   11.8   55.8  755.1  245.5
1852    3.7    4.9   61.5   30.4   65.3  131.9  249.4  228.1  299.2  145.2   13.7   34.2 1267.7    8.6  157.3  908.6  193.1
1853   14.2    4.6    4.2   12.9   26.2  109.1  235.4  253.4  143.7  109.1    9.9    1.0  923.8   18.8   43.3  741.7  120.0
1854    2.2   18.3    6.7   32.4   22.6  104.9  335.9  271.5  249.0  191.9   28.8    1.0 1265.2   20.5   61.7  961.3  221.7
1855   24.9   24.2   16.7   38.0   29.5  113.8  257.0  228.9  229.6  100.3   17.5    1.0 1081.5   49.2   84.1  829.4  118.8
1856   10.5    4.7   15.3   26.6   57.8  175.0  215.2  234.9  152.6  248.5   87.9    2.2 1231.2   15.2   99.6  777.7  338.7
1857    2.4    4.9    8.4   25.2  107.5  138.2  228.1  235.1  196.7   86.8   38.5    1.1 1072.7    7.3  141.1  798.0  126.4
1858    2.8    9.2    5.2   12.8   30.8  142.0  255.6  221.3  167.7  150.9    9.7    6.0 1013.9   11.9   48.8  786.5  166.6
1859    2.3   10.0   21.6   23.6   26.8  127.3  182.2  294.6  165.3  115.9   10.0    1.0  980.7   12.3   72.0  769.4  126.9
1860    2.4    5.0    4.2   17.6   12.0  187.6  274.3  281.0  282.6   96.0   10.1    1.1 1173.8    7.4   33.8 1025.6  107.1
1861   11.7    4.7   25.5   14.2   32.0  111.5  194.7  402.3  197.0   87.7  137.5    1.1 1219.9   16.4   71.7  905.5  226.3
1862   26.3    7.6   12.3   20.2   29.1  163.5  216.2  211.3  233.0  308.0   12.8    9.3 1249.7   33.9   61.6  824.1  330.1
1863    2.0   16.9   22.1   58.3   23.2  139.9  210.7  168.7  228.3  144.2   36.4    0.2 1050.9   18.9  103.6  747.7  180.7
1864    6.4   24.6    4.5   13.9  193.6  121.0  212.1  168.6  133.7   56.9  108.9    1.3 1045.6   31.0  212.1  635.4  167.2
1865    1.3   64.3   21.4   42.3   89.0  107.3  131.4  250.8  179.7   51.7   13.2    2.5  955.0   65.6  152.7  669.1   67.5
1866    1.1   27.1    5.1   35.4   20.0  102.4  204.9  291.8  164.8  205.2   16.7    1.1 1075.6   28.2   60.5  763.8  223.0
1867    9.0    5.8   18.8   41.5   40.5  177.6  183.9  275.6  265.8  175.5   14.1    6.0 1214.4   14.8  100.9  903.0  195.7
1868    1.2   11.7    2.6   16.4   56.2  260.6  235.1  191.0  147.6   24.6    4.5    0.1  951.4   12.8   75.2  834.2   29.2
1869    2.9    6.5   26.4   14.3   19.1  191.1  206.0  205.7  199.8  127.8   24.3   10.5 1034.5    9.4   59.9  802.6  162.6
1870   40.0    2.0    7.9   15.9   15.1  145.2  259.6  191.7  245.7  231.4   29.8    0.0 1184.2   41.9   38.9  842.2  261.2
1871    6.5   15.6   26.5   67.9   44.9  141.6  222.7  113.0  209.7   29.0   30.5    1.8  909.8   22.1  139.3  687.1   61.3
1872    0.1    4.7    1.1    9.5   22.9  267.8  226.5  207.1  212.2  246.9   63.3   29.8 1291.9    4.8   33.5  913.5  340.1
1873    0.1    0.1   15.5   12.3   36.4   75.0  195.2  217.5  154.9  192.4   23.8   20.5  943.8    0.2   64.2  642.7  236.8
1874    7.8   11.1    4.8    2.8   48.1  203.0  228.6  224.1  227.1  201.7   51.1    4.9 1215.1   18.9   55.7  882.8  257.7
1875   19.7    1.8    6.0   18.8   46.5  160.1  277.9  180.0  243.6  169.4    2.7    4.1 1130.6   21.4   71.3  861.6  176.1
1876    0.0    0.5    8.1    9.5   36.8   84.8  204.9  196.6  171.0   97.4    5.0    0.0  814.5    0.5   54.4  657.2  102.4
1877   17.3   32.2   48.3   47.9  106.7   97.3  155.4  143.4  167.9  121.5    9.0   10.5  957.3   49.5  202.8  564.0  141.0
1878    1.2    1.8   10.0   21.1   73.5   81.5  271.1  306.5  202.5  227.4   65.2   91.2 1353.0    3.0  104.7  861.5  383.8
1879    0.0    6.0    6.5    1.8  141.9  132.1  166.8  307.8  161.1  127.8   88.6    8.9 1149.3    6.1  150.2  767.8  225.2
1880    1.5   10.4    1.3   13.5   47.6  202.0  249.2  224.8  205.4  138.0  124.4    9.9 1228.1   11.9   62.4  881.4  272.4
1881    0.6    0.2   28.0   14.6   33.9  205.0  199.7  217.5  206.3   70.4   59.6    2.9 1038.7    0.7   76.5  828.6  132.9
1882    4.5    1.6    0.7   17.3   54.4  113.7  299.1  185.3  242.7   87.5  151.4   25.7 1183.9    6.1   72.4  840.8  264.6
1883    2.5    3.2   25.5    7.4   23.6  270.4  239.9  218.4  208.8  155.7   71.2   14.2 1240.7    5.7   56.5  937.4  241.1
1884   13.0   13.6    9.0   13.9   26.5  183.2  292.6  216.7  258.7  123.2    8.7   21.2 1180.3   26.6   49.4  951.1  153.0
1885    1.4   26.8   18.1   10.8   68.0  171.0  215.0  142.8  160.6  102.6   87.3   55.9 1060.3   28.2   96.9  689.4  245.8
1886    1.6    0.6   35.0    3.0   68.2  211.8  267.5  283.5  184.8  274.1   63.6   45.3 1439.1    2.2  106.1  947.7  383.1
1887    3.3    0.0    5.2    8.0   37.0  176.6  257.8  245.6  134.9  123.2   57.6    1.9 1051.1    3.3   50.2  814.9  182.7
1888   13.7   11.1    6.0   10.0   57.0   85.9  218.6  253.4  121.2   40.1  127.5    2.1  946.6   24.8   73.1  679.1  169.7
1889    0.1    1.8    3.5    9.7   23.5  200.3  240.6  292.9  206.4  229.5  106.4    9.8 1324.4    1.9   36.7  940.1  345.7
1890    0.1    0.1   15.2   11.8   28.4  223.9  274.3  191.6  234.6  114.5   84.2   10.7 1189.5    0.3   55.4  924.4  209.4
1891    3.0   13.8   42.6    9.3   59.1   49.0  203.9  256.9  270.0   46.0   42.5    1.0  997.0   16.7  110.9  779.8   89.5
1892    0.2    2.4    0.0    5.4   12.7  182.3  247.5  256.7  268.8  254.9   19.4    3.3 1253.5    2.5   18.1  955.3  277.6
1893   21.3   30.6   81.3   17.9  124.3  164.2  231.8  282.0  345.2  162.0  143.6    1.5 1605.7   51.8  223.6 1023.1  307.1
1894    6.9    9.1    1.0   27.3    8.2  184.6  267.0  190.8  206.0  214.3   62.1    0.6 1178.0   16.0   36.5  848.5  277.0
1895    0.5    5.7    3.9   28.9   35.6  248.3  247.8  273.9  204.6  154.8    9.9    0.6 1214.6    6.2   68.4  974.6  165.3
1896    0.2    0.0    6.0    8.2   24.6  209.7  262.4  298.7  127.1    3.6   65.2    0.5 1006.3    0.3   38.8  898.0   69.2
1897    2.2   19.9   41.0   21.0   31.7  102.0  216.2  256.9  238.7  140.3   38.8    1.2 1109.9   22.1   93.8  813.8  180.3
1898    0.0   28.5    0.3   20.6   31.5  151.5  272.3  192.4  185.3  133.9   87.4    1.3 1105.1   28.5   52.4  801.6  222.6
1899    1.3    1.5    0.5   77.8   48.7  129.4  136.0  161.1  105.4   90.6    0.2    0.3  752.8    2.7  127.0  531.9   91.1
1900    2.5    1.9    8.9   33.8   44.2  122.3  231.9  264.5  299.5  113.1    8.7    0.9 1132.1    4.4   86.9  918.1  122.6
1901   20.9   75.9    6.3   26.5   41.1   74.6  211.8  230.5  144.1  100.1  109.7    1.6 1043.1   96.8   73.8  661.1  211.4
1902    2.0    0.4    0.9   44.7   27.6   71.5  272.8  239.9  185.1  116.0   36.2   30.4 1027.4    2.4   73.2  769.3  182.6
1903    4.8    9.6    0.9   11.7   51.4  138.3  348.8  251.6  222.0  185.8  108.4   11.1 1344.2   14.4   63.9  960.6  305.3
1904    3.7    5.1    8.3    7.3   84.7  214.3  186.5  188.5  158.8  138.6    0.0    8.3 1004.0    8.8  100.2  748.1  146.9
1905    6.2   15.6   48.4   34.5   67.9   95.0  160.4  232.1  256.0   43.6    2.1    0.0  961.8   21.8  150.7  743.6   45.7
1906   14.4   30.0   22.3    0.8   20.6  228.8  245.5  244.5  144.9   79.7   13.1   64.9 1109.5   44.4   43.7  863.7  157.7
1907    0.7   10.8   32.9   65.6   15.1  201.7  162.5  306.1  142.3   24.1   24.9   30.3 1017.0   11.5  113.6  812.5   79.3
1908   41.0    3.0    5.8    5.0   35.1  139.4  222.7  335.6  294.9   50.1    0.9    0.1 1133.8   44.1   45.9  992.6   51.1
1909    2.9    2.6    2.0   95.1   24.1  160.0  302.6  186.4  159.0   19.1    1.6   51.0 1006.3    5.5  121.3  807.9   71.6
1910    3.5    1.5    0.1   20.2   25.6  208.1  285.7  275.8  236.0  219.9   41.2    0.0 1317.7    5.0   45.9 1005.6  261.1
1911    0.0    1.7   12.6   12.0   26.8  237.6  160.1  250.4  197.6   77.0   60.5    9.4 1045.7    1.7   51.4  845.7  146.9
1912    0.0   35.9    3.2   17.0   17.8   61.8  284.1  306.2  185.6   76.0   50.3    0.4 1038.2   35.9   38.0  837.7  126.6
1913    0.0   26.2    2.5    9.7   48.0  138.2  308.2  195.9  145.5  158.1   23.1    5.1 1060.3   26.2   60.1  787.7  186.2
1914    0.0   12.2    8.0   40.8  103.1  202.9  267.6  193.8  268.0   23.1   12.5    1.8 1133.8   12.2  151.9  932.3   37.4
1915   23.1   21.0   53.8   22.0   50.3  157.5  192.6  274.6  201.9  149.6  168.2    0.0 1314.6   44.1  126.1  826.6  317.8
1916    1.7    8.8    0.1   11.4   30.1  192.4  243.6  237.8  162.7  229.7  108.9    0.0 1227.4   10.6   41.6  836.6  338.6
1917    0.5   51.4   13.4   12.9   69.5  227.0  241.6  227.0  256.4  262.7   68.4    2.5 1433.2   51.8   95.7  952.0  333.6
1918   16.5    3.6   16.1   14.5   95.2  224.4  160.9  201.3  146.8   14.3   67.6   15.5  976.7   20.1  125.8  733.3   97.5
1919   38.7   28.1   29.3   21.2   50.9  198.3  216.3  267.6  122.2  127.8  159.8   13.4 1273.5   66.8  101.4  804.3  301.0
1920    3.1    8.8   21.9   16.5   35.1  111.0  263.3  165.4  132.3   93.8   10.2    0.0  861.4   11.9   73.4  672.0  104.0
1921   38.9    0.7    0.1   21.2    3.4  162.5  250.4  181.2  268.4  117.9   25.2    1.2 1071.0   39.6   24.7  862.4  144.3
1922   23.4    3.5    0.1    4.7   28.2  137.4  297.8  201.2  221.1   65.0  114.1    0.0 1096.6   27.0   33.0  857.5  179.1
1923    0.4   43.5    9.7   11.9   26.7   55.7  201.8  178.4  246.8  145.8  132.2    1.2 1054.0   43.9   48.3  682.7  279.2
1924   20.9    3.1    2.4   10.0   51.2   71.2  167.5  214.2  270.5  103.2  187.8    0.1 1102.1   24.0   63.7  723.3  291.0
1925    0.9    0.0    4.0   40.7  103.8  234.9  327.5  305.7  149.1  222.6   33.9   16.2 1439.3    0.9  148.5 1017.3  272.7
1926   34.9    9.3   59.7   36.6   39.0   57.2  226.2  339.5  183.0   74.2    0.7    0.4 1060.8   44.2  135.4  805.9   75.3
1927    8.6   13.0   14.5    4.6   24.5  239.3  285.0  276.3  175.0   95.4  103.6    0.0 1239.9   21.6   43.7  975.6  199.0
1928    1.2    7.1    9.1   38.6   41.6  140.4  289.8  183.9  223.9  245.0    3.4    1.9 1186.0    8.3   89.3  838.0  250.4
1929    7.8   34.4    0.7   13.4   25.6  185.1  252.6  272.1  202.6  157.5   12.1   20.6 1184.4   42.2   39.6  912.3  190.3
1930    0.0   18.1    7.5   26.5   52.1  202.0  241.5  174.7  209.3  169.8  136.1    7.0 1244.4   18.1   86.1  827.5  312.8
1931    2.3    5.5    9.2    7.0   38.4  129.2  204.2  251.0  219.9  253.3  101.9    0.6 1222.6    7.8   54.6  804.4  355.8
1932    0.0   41.1    5.4   14.9   51.2   99.3  353.5  185.9  208.2   72.4  142.3    0.1 1174.2   41.1   71.5  846.8  214.8
1933   12.3   22.9    4.4   13.4   83.4  237.0  263.6  335.7  217.6  167.0   39.6   22.3 1419.2   35.2  101.2 1053.9  228.9
1934    0.0    0.5    2.9   16.1    6.9  153.3  282.6  288.5  222.8  101.1   40.2    1.5 1116.3    0.5   25.8  947.1  142.9
1935    3.7    2.7    4.2   33.2    5.6  109.6  357.3  141.4  221.3   82.0    1.3    1.3  963.7    6.4   43.0  829.6   84.7
1936    9.9   88.3   10.2    9.2  129.0  307.9  301.6  281.3  176.8  208.9   62.0   10.4 1595.5   98.2  148.4 1067.6  281.2
1937    0.0   64.1   19.2   92.8   26.5  115.6  270.2  201.7  174.5  125.9    5.9    1.0 1097.5   64.1  138.5  762.0  132.8
1938    1.5   33.5    8.3    7.9   80.8  198.0  238.1  243.9  245.3  159.1   68.6    0.2 1285.1   35.0   97.0  925.3  227.9
1939    2.3    2.5   28.5   14.8   11.1  121.4  250.5  231.7  184.6  275.1   45.1    2.9 1170.5    4.8   54.4  788.2  323.0
1940    0.4   11.4   58.1   25.4  131.5  229.6  344.2  287.1  112.5  120.9   49.9   12.2 1383.1   11.9  214.9  973.3  183.0
1941    8.9    6.5    8.1    9.0   35.2  215.5  168.8  142.8  177.9  155.8   57.6    5.9  991.9   15.3   52.2  705.0  219.3
1942    4.0   13.4    0.3   29.2   12.9  163.3  256.7  301.9  162.2   72.8   78.7    3.0 1098.3   17.4   42.4  884.1  154.4
1943   32.0    2.2    5.5   45.4   49.5  161.6  279.4  199.7  230.1  145.7   24.8    1.0 1177.1   34.2  100.5  870.9  171.5
1944   11.8   46.8   97.8   23.4   18.2  121.9  343.1  276.5  174.2  222.5   20.3    0.0 1356.5   58.6  139.4  915.8  242.7
1945    9.6    0.9    0.0   50.6   31.6  111.3  326.5  224.7  261.3  154.3   23.1    5.8 1199.8   10.5   82.1  923.9  183.2
1946    0.8    9.0    3.2   45.9   46.3  165.7  266.9  256.3  134.0  100.7  134.9   10.7 1174.3    9.8   95.4  822.8  246.3
1947   13.3   15.9    5.0    6.0   11.5  135.2  304.6  300.3  217.1  132.9   25.2   79.5 1246.4   29.1   22.5  957.1  237.7
1948    4.9   29.1    4.9   22.9   44.4  108.2  225.0  225.7  230.6   89.8  120.9    1.9 1108.4   34.0   72.3  789.5  212.6
1949    2.2    4.0    0.5   16.0   67.6  110.3  255.8  233.8  250.8  268.3   12.3    0.1 1221.5    6.2   84.1  850.6  280.6
1950    0.0   24.1   36.9    2.2   45.0  147.5  247.0  182.0  202.0   70.7  107.8    0.0 1065.3   24.1   84.1  778.5  178.5
1951    2.3    0.0   45.9   34.1   48.4  155.2  305.1  232.2  146.6  113.4   38.4    0.5 1122.0    2.4  128.4  839.1  152.2
1952    0.1    8.5   10.1   21.9   44.9  115.6  202.2  214.7  184.0  181.9    1.6   20.3 1005.8    8.5   76.9  716.5  203.8
1953   21.4    2.3    0.1   13.2   24.1  195.0  171.7  351.8  216.2  172.3   41.9    0.0 1209.9   23.7   37.3  934.7  214.2
1954    0.3    2.6    5.1    7.6   25.9  129.8  232.3  220.2  311.1  177.6    0.0   13.0 1125.3    2.9   38.5  893.3  190.5
1955    0.6    0.0    6.9   19.5   92.0  162.0  164.6  308.5  275.5  274.9   79.6    0.6 1384.6    0.6  118.4  910.6  355.0
1956    2.3   19.5    0.4   15.3   74.6  246.4  375.9  253.4  237.8  236.8   47.2    1.9 1511.6   21.8   90.3 1113.5  285.9
1957    2.9   11.0   28.0   13.2   25.0  149.4  207.6  313.4  143.5   71.5   13.3    0.0  978.9   13.9   66.2  813.9   84.8
1958    7.9   16.4    7.7   25.8   24.8   87.0  346.9  238.2  223.1  228.5   97.3    0.0 1303.8   24.3   58.4  895.3  325.8
1959    7.0   19.2    0.5   26.2   28.6  171.9  324.6  286.5  205.5  165.5    3.8    1.6 1240.8   26.2   55.2  988.5  170.9
1960    1.6    0.1   25.6    6.6   20.2  152.5  274.9  194.4  208.9   93.1   21.4   16.5 1015.6    1.6   52.3  830.7  130.9
1961   14.5   39.4    0.8   11.5   35.7  209.9  264.1  261.5  237.6  193.6   30.2    2.0 1300.9   53.8   48.0  973.2  225.8
1962    2.9   17.1   10.2   56.6   28.4  117.3  296.3  224.2  261.9  233.1   32.8   16.9 1297.6   20.0   95.1  899.7  282.8
1963    0.0    0.9    5.9   50.8   35.4  191.6  224.0  283.4  171.7  239.2    1.4    0.0 1204.3    0.9   92.1  870.7  240.6
1964    0.3   11.7    1.4   13.7   30.2  119.0  254.7  312.2  285.9   74.8   36.3    0.5 1140.7   12.0   45.3  971.8  111.6
1965    6.5    6.1   17.8   28.5   31.2  100.5  300.6  182.7  206.5   62.9    9.6    4.2  957.1   12.6   77.5  790.2   76.8
1966   43.6    1.7    1.7   16.1   27.3  142.1  317.0  181.9  170.8   59.4  122.1   13.2 1096.9   45.3   45.1  811.8  194.7
1967   19.0    0.0   82.3   28.2    9.8  159.9  274.3  225.1  166.0   28.1    2.7   47.2 1042.8   19.0  120.4  825.4   78.0
1968   21.6   17.4   24.1   23.3   13.1  107.0  220.5  103.2  234.8  183.3   77.7    3.5 1029.6   39.0   60.6  665.5  264.4
1969    1.6    0.2    2.9   11.3  139.5  120.5  331.7  177.5  198.1  139.5  105.0   44.3 1272.2    1.8  153.7  827.8  288.9
1970    9.6   44.5   38.0   19.5   65.7  208.6  169.3  270.3  135.5  138.7    8.4    0.0 1108.3   54.1  123.3  783.8  147.2
1971    7.7   30.8   11.4   69.0   69.0  229.9  140.5  220.2  154.3  164.3    2.1    0.0 1099.2   38.4  149.4  745.0  166.3
1972    0.0   17.1    1.4   17.4   10.1  113.7  206.2  150.3  190.2  168.1   69.5    4.5  948.5   17.1   28.9  660.4  242.0
1973    0.1    3.2   13.1    5.0   32.0  100.4  276.9  269.4  126.4  231.3   25.8    9.8 1093.4    3.3   50.1  773.1  266.9
1974    0.0    3.9   21.5   10.8   31.2  100.3  125.8  195.0  172.4  207.4   27.0    0.3  895.7    3.9   63.5  593.6  234.8
1975    5.4   14.9    9.0    6.4   23.7  192.7  226.4  227.4  240.8  190.9   31.4    0.5 1169.7   20.3   39.1  887.4  222.8
1976    0.6    4.1    3.7   14.8   31.6   74.5  340.7  304.6  116.2   61.2  158.0    0.6 1110.5    4.7   50.0  836.0  219.8
1977    3.1    1.8    1.8   39.6   75.6  144.3  246.1  256.5  164.0   77.9  145.0    3.7 1159.2    4.8  117.0  810.7  226.6
1978   15.8   22.6   12.2   14.6   23.0  194.0  295.2  326.0  146.5   80.1   43.8   10.6 1184.4   38.5   49.7  961.7  134.5
1979    6.3   23.1    1.5   20.8   58.6  145.7  156.4  141.0  196.5   44.9  106.8    8.2  909.9   29.4   80.9  639.6  160.0
1980    7.4    3.5   10.2   15.7   22.6  252.0  270.6  237.7  205.8   97.8   50.3    7.7 1181.3   10.9   48.5  966.1  155.7
1981   17.6    5.6   39.8   14.6   51.3  140.8  211.5  281.8  245.4   84.3   13.2    3.8 1109.7   23.2  105.6  879.4  101.4
1982    3.4   11.4   28.0   21.6   31.3  119.5  216.3  313.4  145.2  123.1   36.3    0.0 1049.6   14.8   80.9  794.5  159.5
1983    0.4   27.7   11.8   18.2   41.4  149.9  245.8  300.6  256.0  153.2   14.2    7.4 1226.4   28.0   71.4  952.2  174.8
1984    5.0    9.4    1.1   34.9   30.0  164.4  268.4  220.0  122.4   72.0   16.7    1.5  945.9   14.4   65.9  775.3   90.2
1985   23.7   14.9    4.7   10.3   22.9  144.5  215.1  266.6  188.3  191.3   13.5   23.5 1119.5   38.6   38.0  814.5  228.4
1986   31.4   42.2    5.3   34.6   54.6  193.9  254.7  359.1  132.1  129.5  109.9   13.7 1361.1   73.6   94.5  939.9  253.2
1987   19.4    0.3   31.2   19.3   37.4   89.3  244.4  186.0  102.6  183.5  157.6   11.0 1082.1   19.8   87.9  622.3  352.1
1988    0.0   11.2   14.1   37.7   30.1  135.5  372.3  244.5  273.0   73.0    3.9   23.1 1218.3   11.2   81.9 1025.2  100.0
1989    0.0    0.0   25.4    1.1   35.2  233.7  324.0  295.3  201.2   28.6   11.2    8.5 1164.4    0.0   61.8 1054.3   48.3
1990    2.1   51.5   71.7   37.7  215.6  165.8  195.2  343.4  185.2  214.9  101.9    1.4 1586.3   53.7  324.9  889.6  318.2
1991   20.1    0.2    9.8   12.2   28.9  194.2  338.2  331.8  195.5  109.3   96.0    5.8 1342.1   20.3   50.9 1059.7  211.1
1992    9.2    9.9    0.1   14.7   46.8  123.4  311.4  331.5  145.9   91.9  113.0    0.0 1198.0   19.1   61.6  912.3  204.9
1993    0.8    4.0    4.7   41.1   45.7  139.0  263.9  232.7  196.6  116.8   20.3   14.1 1079.7    4.8   91.5  832.2  151.2
1994    2.5   25.9    0.1   20.4   28.1  172.4  358.5  321.7  166.4  167.8  107.7    0.8 1372.5   28.4   48.6 1019.1  276.4
1995   51.8   13.1   15.3   15.5  280.0   99.4  257.2  240.3  169.1  273.6  101.2    0.5 1517.0   64.9  310.8  766.0  375.3
1996    8.6    9.9    3.3   20.6   16.9  218.1  190.6  230.4  155.0  147.8   34.3    9.0 1044.6   18.5   40.7  794.1  191.2
1997   39.5    3.2   15.0   79.0   13.8  101.5  191.6  276.7  274.7   70.3   61.8   74.5 1201.7   42.7  107.7  844.6  206.7
1998    6.7   56.6   18.0   22.5   29.9  121.8  237.7  234.8  249.3  199.7   93.7    0.0 1270.6   63.3   70.4  843.6  293.4
1999    0.1    3.6    0.2    0.7   85.3  162.3  190.6  191.2  219.6  197.6   20.7    0.3 1072.0    3.7   86.2  763.6  218.6
2000    0.1   74.8    1.0   16.5   54.4  205.9  213.8  310.4   85.7   49.7    9.7    1.6 1023.7   74.9   71.9  815.9   61.0
2001    1.7    0.5   13.1   39.3   43.8  229.1  269.8  230.8  153.9  162.5   78.0    1.5 1224.0    2.2   96.2  883.6  242.0
2002   23.5    0.2    8.4   14.8   63.1  124.2   84.7  207.0  106.0   87.4   18.8    0.2  738.3   23.7   86.3  521.9  106.4
2003    2.5   11.8   17.9   14.9   10.5  102.3  297.2  279.5  192.0  223.2   37.4   46.6 1235.7   14.3   43.2  871.0  307.2
2004   19.0   18.4    5.9   32.8   47.2  137.1  250.8  162.1  153.5  142.4    9.8    0.1  979.0   37.3   85.9  703.5  152.3
2005   20.5   10.7   10.2   11.5   37.4   98.1  303.1  131.4  313.2  295.4   25.5    9.3 1266.3   31.2   59.1  845.8  330.2
2006    0.8    0.0   34.6   43.3   69.9  130.3  231.8  421.0  218.6  153.0   74.7    0.2 1378.3    0.8  147.8 1001.7  228.0
