NORTH EAST INDIA MONTHLY, SEASONAL AND ANNUAL RAINFALL SERIES FOR THE PERIOD 1829-2006. THE RAINFALL FIGURES ARE IN MM.
YEAR      J      F      M      A      M      J     JU      A      S      O      N      D    ANN     JF    MAM   JJAS    OND
1829   10.8   12.9   28.6  114.9  219.1  488.6  385.6  341.0  283.1  177.9   14.1    4.2 2080.9   23.7  362.7 1498.3  196.2
1830    5.3   12.6   59.7  211.7  377.9  383.3  377.3  326.2  236.0  123.2   10.8    4.0 2127.9   17.9  649.2 1322.7  138.0
1831    5.4   36.3   38.0  206.2  186.4  488.1  349.6  338.3  241.4  133.1   11.2    4.2 2038.2   41.7  430.7 1417.3  148.5
1832    5.2   36.2   88.1  134.9  207.5  315.6  307.6  411.7  227.3  180.3   32.7    4.1 1951.2   41.4  430.4 1262.3  217.1
1833    6.0   19.3   27.4  165.3  388.0  298.9  407.5  351.9  256.7  109.3   11.2   48.1 2089.6   25.3  580.6 1315.0  168.7
1834    5.4   19.8   60.7  134.7  224.9  446.1  339.6  419.7  252.2  286.4   11.0    4.1 2204.5   25.2  420.3 1457.5  301.5
1835    5.4   12.9   58.0  126.0  470.9  413.7  498.2  364.8  273.9  150.6   61.8    4.2 2440.4   18.3  654.9 1550.6  216.6
1836    5.4   45.2   33.3  130.7  191.9  343.3  420.9  336.7  331.7   50.7   14.5    4.4 1908.7   50.7  355.9 1432.5   69.6
1837   19.0   27.3   32.4   98.3  244.9  407.3  367.1  408.9  292.1  172.1   12.2    8.2 2090.0   46.3  375.6 1475.5  192.6
1838    5.6   15.1   35.6  114.7  188.1  412.0  397.6  350.9  272.7  175.4   11.3    4.2 1983.2   20.7  338.5 1433.2  190.9
1839   26.6   15.2   35.4  114.2  309.5  384.6  458.4  327.2  386.5   60.6   28.9    4.4 2151.6   41.8  459.1 1556.7   93.9
1840    5.6   13.3   38.2  100.6  314.5  413.9  367.5  491.3  232.4   80.3   11.6    4.3 2073.4   18.9  453.4 1505.0   96.2
1841   18.9   15.6   43.2  161.1  248.1  353.5  438.5  386.3  302.1  102.2   11.4    4.2 2085.1   34.5  452.4 1480.4  117.9
1842    5.6   13.5  104.0  175.0  181.0  561.4  381.8  509.5  227.4  118.6   14.7   15.8 2308.5   19.1  460.1 1680.1  149.2
1843   31.7   20.8   52.7  141.3  252.6  369.6  385.1  475.3  297.3   87.2   11.7   17.3 2142.7   52.5  446.7 1527.2  116.3
1844    9.1   14.1   32.8  160.1  294.6  398.2  423.8  565.1  229.7  133.4   11.4    4.2 2276.7   23.2  487.5 1616.9  149.0
1845   22.7   20.9   29.4  249.2  160.6  387.6  416.6  402.6  230.2  146.9   11.3   16.0 2094.2   43.6  439.3 1437.0  174.2
1846   19.0   38.5   76.9   94.3  200.6  410.7  522.9  378.9  287.8  233.5   23.0   26.9 2313.0   57.5  371.8 1600.4  283.3
1847    5.6   13.4   28.4  138.5  241.1  408.0  462.2  404.9  297.0  151.5  100.0    5.0 2255.5   19.0  408.0 1572.1  256.5
1848    9.6   18.8   57.3  154.4  316.0  408.5  342.2  391.9  287.2  198.4    1.0   21.5 2206.7   28.4  527.7 1429.8  220.9
1849   30.1   53.9   80.3  160.8  267.3  350.0  413.7  303.7  276.7  184.9   34.0   39.7 2195.0   84.0  508.3 1344.2  258.5
1850    4.8   52.1   69.2   87.8  209.8  327.8  475.0  407.4  353.4  107.8   83.2   13.6 2191.9   56.9  366.7 1563.6  204.6
1851   24.1   50.4   34.2  138.9  234.7  448.5  327.0  309.2  225.5  247.6    6.0    7.6 2053.8   74.5  407.8 1310.2  261.3
1852   11.4   18.3  169.4  130.2  239.6  379.5  452.3  261.0  383.0   90.6   24.4   14.4 2174.1   29.7  539.2 1475.8  129.4
1853   14.8   13.2   27.6   68.5  156.3  414.2  405.1  386.1  376.8   77.9   37.6    0.0 1978.1   28.0  252.4 1582.3  115.5
1854    2.3   27.9   24.1  201.1  120.7  461.3  261.7  362.9  210.0  134.9   48.9    0.0 1855.9   30.3  345.8 1296.0  183.8
1855   16.4   34.0   54.6  158.1  283.7  336.5  306.3  305.3  310.1   94.4   21.8    1.4 1922.5   50.3  496.4 1258.2  117.6
1856   32.1    8.4   80.3   96.9  287.7  427.2  415.9  278.3  248.5  180.6    8.1    1.7 2065.6   40.5  464.9 1369.8  190.4
1857    2.8   21.2   39.1  111.7  274.5  380.5  556.1  376.3  296.3   92.6   16.1    5.3 2172.5   24.0  425.3 1609.1  114.0
1858    7.4   15.0   38.8  103.1  397.5  410.1  416.5  493.9  252.3  183.4    5.8   17.6 2341.3   22.4  539.4 1572.8  206.7
1859    2.7   15.8  119.1  130.9  173.1  376.8  526.7  480.0  318.8  151.1    5.9    3.0 2303.8   18.5  423.1 1702.3  159.9
1860    2.6   24.3   48.7  113.6  230.8  418.3  492.5  478.9  293.1  162.6   12.6    4.8 2283.0   27.0  393.1 1682.9  180.1
1861    6.4    5.8   64.2  164.4  294.1  512.5  484.2  350.5  302.9  262.1   45.0   19.3 2511.4   12.3  522.7 1650.1  326.4
1862    4.5   23.9   63.4  179.4  172.0  414.4  403.1  445.5  334.8  326.7   10.8    0.9 2379.5   28.4  414.9 1597.9  338.4
1863    8.4   16.0    0.3  138.2  227.6  414.2  321.3  357.9  264.1   91.0    6.8    0.5 1846.4   24.4  366.1 1357.6   98.3
1864    8.7   28.5   48.5  114.8  197.3  361.0  463.1  316.9  289.4  146.7   39.1   17.3 2031.2   37.2  360.5 1430.3  203.2
1865    2.8   40.4   39.3  140.5  357.4  415.4  500.8  287.6  220.4   53.3   13.1   28.9 2099.8   43.2  537.1 1424.2   95.2
1866   43.2   91.1   51.4  185.4  193.2  518.6  447.5  404.8  317.8  140.5    6.3    3.2 2402.9  134.3  430.0 1688.7  150.0
1867   34.3   18.0   81.1  103.9  219.6  404.6  531.2  350.7  366.2  139.3   92.1    1.8 2342.9   52.3  404.6 1652.8  233.2
1868    3.7   42.1   29.1  199.5  175.4  485.1  406.4  585.0  390.5   67.2    4.2    5.1 2393.5   45.8  404.1 1867.0   76.5
1869   34.6   48.3   81.4   96.3  232.1  447.9  366.5  338.0  351.8  105.4    4.1    2.1 2108.4   82.9  409.7 1504.2  111.6
1870    4.0   11.4   32.8   93.0  195.6  560.9  448.8  332.5  382.2  200.3   23.2    0.2 2285.0   15.4  321.4 1724.5  223.7
1871    1.0   22.0   73.4  156.0  236.6  383.9  447.3  405.1  320.1  133.7   14.4    1.5 2194.8   23.1  465.9 1556.3  149.6
1872   13.5   31.1   46.5  125.7  224.8  368.2  422.3  354.2  381.6  196.1    3.7    4.1 2171.8   44.6  397.0 1526.3  203.9
1873    7.2   16.5   63.4  129.1  123.8  362.3  367.3  302.2  192.9   37.0    4.9    6.9 1613.6   23.7  316.3 1224.7   48.9
1874   29.6   66.3   62.6  121.4  271.7  349.6  407.0  296.4  424.0  245.6   13.1    0.3 2287.6   95.9  455.7 1477.0  259.0
1875   40.2   10.7   84.4  147.3  229.8  497.1  401.5  507.3  188.6   47.1    5.5    6.3 2165.8   50.9  461.6 1594.5   58.9
1876    7.3   16.6   83.2   93.4  249.4  462.4  403.0  369.2  242.7  140.9   31.7    3.9 2103.7   23.9  426.0 1477.3  176.5
1877   40.5   39.1   84.1  117.8  274.6  238.4  472.6  336.0  371.5   72.8   12.5   15.3 2075.2   79.6  476.5 1418.5  100.6
1878   12.7   27.8   50.0  133.7  250.5  412.7  464.9  482.4  470.1  112.0   44.3    6.4 2467.3   40.4  434.2 1830.0  162.7
1879    4.3   17.6   15.2   54.9  293.0  481.7  497.7  423.1  363.6  121.6    1.4   11.9 2285.9   21.9  363.0 1766.1  134.9
1880   24.6   57.6  138.5  128.8  212.1  549.5  403.2  411.1  242.0  164.1    7.7   17.7 2356.8   82.2  479.4 1605.7  189.5
1881    1.3    8.8   96.3  156.3  290.3  368.5  350.0  406.5  415.2  101.5   11.7    3.7 2209.9   10.0  542.8 1540.1  116.9
1882    9.2   53.1   84.6   91.3  216.9  407.3  278.5  431.7  292.5  301.5   29.2    3.9 2199.7   62.3  392.8 1410.0  334.7
1883   16.0   11.8   49.3  106.6  328.2  364.4  366.5  422.3  252.2   38.0    5.8   53.1 2014.4   27.9  484.2 1405.4   96.9
1884    7.9   28.8   62.6  140.2  257.7  369.0  309.4  348.3  189.0  139.7   15.9    3.0 1871.6   36.8  460.6 1215.7  158.5
1885    9.4   28.9   63.4  129.2  184.7  389.5  459.9  375.7  391.4   94.0   17.5   13.7 2157.4   38.3  377.3 1616.6  125.2
1886    6.5    8.3   82.1   90.4  219.6  367.0  501.3  427.5  437.8  102.7    2.5    6.9 2252.6   14.8  392.0 1733.6  112.1
1887   46.0    3.9  116.2  112.7  271.8  500.4  303.9  336.1  278.4   77.4   17.6    0.0 2064.4   49.9  500.7 1418.8   95.1
1888   21.9   31.6   85.8  189.6  242.1  330.7  431.6  433.2  222.5   66.7   25.7    0.1 2081.4   53.5  517.5 1417.9   92.5
1889   32.6   36.1   33.0  107.7  213.4  496.1  437.0  300.8  342.0   91.8   55.4    1.1 2147.0   68.7  354.0 1575.9  148.3
1890   19.0    2.6   65.8  116.3  165.7  501.3  490.3  409.9  300.8  208.4    6.7    9.3 2296.1   21.6  347.9 1702.2  224.5
1891    6.7   44.6   73.5  100.0  308.1  281.7  402.2  295.9  216.5   41.3   31.4    0.1 1801.9   51.3  481.5 1196.2   72.8
1892    5.8   26.6   49.8  204.6  345.7  323.7  463.0  439.1  237.9   98.0   39.6    4.6 2238.3   32.4  600.0 1463.7  142.2
1893   23.5   59.9   74.5  157.9  284.0  475.1  491.5  360.8  320.1  155.1    5.9    1.6 2409.9   83.4  516.4 1647.4  162.7
1894    2.3   35.8   77.8  137.5  236.8  405.8  341.9  387.6  369.6  220.9   71.1   11.2 2298.2   38.1  452.0 1504.9  303.2
1895    6.7    6.9   49.4  147.2  242.1  265.6  515.7  374.8  257.0   85.0   13.0   16.6 1980.1   13.5  438.8 1413.1  114.7
1896   13.3   33.0   46.4  135.0  244.5  278.3  362.5  265.0  281.9   21.0    4.2    2.1 1687.2   46.3  425.9 1187.7   27.3
1897    4.9   16.2  104.6   59.5  255.5  350.5  376.5  379.0  352.8  183.4   18.7    0.6 2102.3   21.2  419.6 1458.9  202.7
1898   14.3   35.8   12.7   90.3  189.4  411.0  357.7  418.0  352.6  164.8    4.3    6.3 2057.3   50.1  292.4 1539.3  175.5
1899   23.2   29.0   61.8  129.7  268.8  477.7  509.7  403.4  355.1  126.4    7.2    7.1 2399.0   52.2  460.3 1745.9  140.6
1900    8.1   37.3   74.9  158.9  196.8  373.2  427.7  247.1  378.9   50.7    4.5    4.8 1962.9   45.5  430.6 1426.8   60.0
1901   22.3   21.2   17.1  132.4  150.7  391.0  359.4  394.4  291.3  119.2   82.3    1.8 1983.1   43.5  300.2 1436.2  203.3
1902    2.5    4.5   68.4  219.9  214.4  413.7  441.1  404.0  440.2   94.9    6.9    3.7 2314.1    6.9  502.7 1699.0  105.5
1903   13.5   24.5   77.8   65.2  139.7  468.4  276.0  428.3  323.0  158.2   34.6    0.4 2009.6   38.0  282.7 1495.7  193.2
1904    5.6   43.8   37.8  259.4  289.1  329.5  422.5  386.4  223.1  106.8   37.9    1.7 2143.5   49.4  586.3 1361.5  146.3
1905   16.3   30.3  122.1  136.5  229.2  335.0  472.6  603.2  303.3  168.4    7.7   15.1 2439.6   46.6  487.8 1714.1  191.2
1906   16.4   79.9   69.4  123.1  218.6  352.3  428.1  507.0  301.0  150.8   24.1    0.7 2271.6   96.4  411.2 1588.5  175.6
1907   23.8   29.6  105.1  158.0  166.3  404.4  462.5  282.2  323.5   26.8    2.6   16.3 2001.1   53.4  429.4 1472.7   45.7
1908   17.7   19.0   11.5   85.6  231.7  379.7  435.4  264.1  327.0   69.5   11.5    0.0 1852.6   36.7  328.7 1406.2   81.0
1909   10.0    6.5    1.8  160.7  201.0  557.5  303.7  466.0  228.0  155.6   21.8   16.2 2128.8   16.6  363.6 1555.2  193.5
1910   11.0   19.3   72.8  109.4  195.7  454.1  547.1  370.0  289.1  187.2    9.0    1.9 2266.4   30.3  377.9 1660.2  198.1
1911   37.8    8.4   61.9  137.4  284.2  438.6  437.0  334.8  330.5  202.1   12.9    0.9 2286.6   46.2  483.5 1540.8  215.9
1912    5.9   34.9  102.2  194.3  195.6  322.0  483.3  371.5  211.8  138.1   82.5    3.2 2145.3   40.8  492.1 1388.6  223.8
1913    4.5   68.1   71.6  151.7  291.9  546.1  437.3  332.6  257.8  187.5   15.6   29.3 2394.1   72.6  515.2 1573.8  232.5
1914    3.2   60.8   51.0  185.9  241.4  306.7  393.9  450.3  229.4   55.7    9.2   22.4 2009.7   63.9  478.3 1380.2   87.3
1915    7.1   38.0   78.8  129.6  409.7  376.3  460.1  441.6  235.7  118.0   26.3    1.5 2322.7   45.2  618.1 1513.7  145.7
1916    8.2   17.8   31.8  170.0  198.8  428.0  417.1  402.2  369.3  271.1   30.5    2.1 2346.8   26.0  400.5 1616.6  303.7
1917    2.5   59.8   28.6  122.7  163.1  459.7  446.6  309.3  329.2  275.9   32.0    1.0 2230.3   62.3  314.4 1544.7  308.9
1918    2.8    6.4   72.8  127.6  251.6  554.0  547.6  532.8  296.4   46.3    4.2    2.3 2444.8    9.2  452.0 1930.8   52.8
1919   15.7   15.5   17.2  112.7  182.7  406.7  422.0  303.7  313.5  118.0   42.3    0.7 1950.7   31.2  312.5 1446.0  160.9
1920    2.9   37.5  155.2   92.1  179.2  358.7  322.8  434.5  393.1  143.9    3.0    1.4 2124.3   40.4  426.4 1509.2  148.3
1921   35.0   11.5   98.5  194.9  285.4  447.6  500.2  412.7  295.9  118.2    5.2    4.8 2409.9   46.5  578.8 1656.4  128.3
1922   12.8    2.7   35.9   89.5  151.7  527.6  381.9  419.4  311.5   90.1   11.1    4.6 2038.8   15.6  277.1 1640.4  105.8
1923    0.2   57.6   18.4  144.0  241.9  416.6  417.3  314.0  287.1  105.7   19.4    3.7 2025.8   57.7  404.3 1435.0  128.7
1924    5.3   19.2    9.7  137.4  221.6  383.7  504.1  376.4  300.8   99.5  110.9    0.6 2169.0   24.5  368.7 1564.9  210.9
1925   17.3   15.4   36.3  187.9  324.7  309.5  402.2  361.2  327.5  129.5   13.4    0.1 2124.9   32.6  548.9 1400.4  143.0
1926   22.3   21.6  120.1   95.7  206.8  360.0  568.3  374.0  233.7  132.0    6.8   23.2 2164.7   44.0  422.6 1536.0  162.1
1927   31.0   56.8   49.1  171.6  221.3  406.8  416.0  320.9  412.7  108.3   19.0    0.1 2213.6   87.9  442.0 1556.4  127.3
1928   11.8   16.4   28.8   97.8  267.1  428.6  433.7  406.2  252.4  251.5   13.3    1.3 2208.8   28.1  393.7 1521.0  266.0
1929   53.0    6.2   60.3  184.5  327.5  450.4  394.7  330.3  280.6  252.3    7.2   21.9 2368.8   59.2  572.3 1455.9  281.3
1930   18.8   29.2   66.1  115.1  154.2  463.9  354.2  368.3  253.7  102.0  104.0    2.3 2032.0   48.0  335.4 1440.1  208.4
1931    3.5   32.3   39.9  132.0  262.6  398.5  542.5  292.0  306.2  159.5   40.7   12.6 2222.4   35.8  434.6 1539.2  212.8
1932    8.4   28.4   41.6  109.0  324.5  442.5  351.0  383.0  270.6   89.6  114.9   15.0 2178.5   36.8  475.1 1447.0  219.5
1933   12.9   27.4   11.4  155.9  227.5  412.4  414.9  470.2  243.5  136.9    4.3    2.6 2119.9   40.3  394.7 1541.0  143.8
1934   11.8   60.9   13.9  158.5  266.6  498.5  434.2  331.4  265.6  183.1   45.4   10.9 2280.9   72.8  439.0 1529.7  239.3
1935    7.3   35.7   34.3   75.2  179.8  456.2  329.5  507.8  294.1   33.3    8.3    1.9 1963.4   43.0  289.3 1587.6   43.5
1936    9.4   36.1   52.7  120.1  355.5  390.4  457.8  345.0  355.2  137.2   12.0   12.1 2283.7   45.5  528.4 1548.4  161.4
1937    2.0   72.6   10.5   53.4  272.7  357.3  347.9  474.1  279.6  180.6   11.8   14.1 2076.6   74.5  336.7 1458.9  206.5
1938   17.2   18.1   60.8  110.7  330.5  461.9  416.4  416.7  291.7  114.7   39.9    0.5 2279.1   35.3  502.0 1586.8  155.0
1939    2.2   25.9   13.6   93.9  217.0  433.0  471.7  345.1  355.0  185.9   11.4    1.2 2155.9   28.1  324.5 1604.8  198.6
1940    1.3   45.5  146.1   40.4  276.5  353.5  381.2  334.2  337.8   75.7   13.5    9.9 2015.6   46.7  463.0 1406.7   99.1
1941   19.6   24.4   27.2  145.9  349.6  482.9  395.9  393.0  278.5  175.2   40.1    4.4 2336.7   43.9  522.8 1550.3  219.7
1942    4.3   17.0   68.5  180.0  262.6  408.3  314.9  360.5  431.6   80.4   42.0    0.0 2170.1   21.3  511.1 1515.3  122.4
1943   44.1   40.5   84.6  180.5  216.4  426.1  386.4  385.2  340.7   87.6    4.1    1.7 2198.0   84.7  481.6 1538.4   93.4
1944   44.0   17.3   48.9  107.7  265.6  352.8  382.2  371.8  326.5   78.3    3.1    3.4 2001.6   61.3  422.1 1433.3   84.8
1945   37.3   27.6   40.7  121.1  248.3  400.3  383.4  394.7  282.4  234.6    3.9    6.0 2180.3   64.9  410.1 1460.8  244.5
1946    0.2   16.4   74.5  173.4  223.1  415.8  449.2  285.8  281.8  325.2   15.0    6.5 2267.1   16.7  471.0 1432.7  346.7
1947    2.5    5.4   53.3  131.0  249.1  411.8  511.1  346.1  367.6  180.2    3.3   19.3 2280.8    8.0  433.5 1636.5  202.9
1948    8.8   40.8   48.2  169.3  431.2  395.4  469.4  375.5  277.5  200.7   66.7    2.7 2486.3   49.6  648.7 1517.9  270.1
1949   11.6   15.3   35.6  269.4  317.4  432.5  393.5  379.5  311.5  153.0    7.3    7.2 2333.7   26.9  622.4 1516.9  167.5
1950    7.3   33.8   45.5   62.8  207.6  554.8  365.9  453.7  231.1  148.0   75.3    1.7 2187.6   41.1  315.9 1605.6  225.1
1951    2.3    0.8   42.3  128.2  184.8  447.4  481.0  336.0  197.9  208.3   39.3    2.1 2070.5    3.1  355.4 1462.3  249.7
1952    3.0    6.9   70.8  157.0  347.2  354.1  484.8  379.7  339.2  245.9   32.1    0.7 2421.3    9.9  575.0 1557.8  278.7
1953   23.1   14.9  105.6   90.0  262.8  402.1  465.4  307.4  394.2   94.6   13.8    4.5 2178.5   38.0  458.4 1569.1  113.0
1954   13.3   37.3   15.6  105.7  267.8  472.7  432.8  360.0  220.0  144.2    0.5   19.8 2089.9   50.6  389.2 1485.6  164.5
1955    6.4    5.9   80.0  129.2  219.5  393.2  563.0  369.6  236.6  133.2   91.1    5.4 2233.2   12.4  428.7 1562.4  229.7
1956   18.5    9.9   91.2  109.9  350.6  582.5  360.3  387.8  262.4  169.4   34.6    8.9 2385.8   28.3  551.6 1593.0  212.9
1957   71.2   29.4   15.4   79.1  222.3  359.6  388.4  339.4  238.8   85.7    6.1    4.0 1839.1  100.5  316.7 1326.2   95.7
1958   14.1   33.5   11.0  128.2  303.1  313.4  329.5  456.1  277.6  139.8    5.0    7.2 2018.5   47.6  442.3 1376.6  152.0
1959   45.0   34.7   82.6   85.3  250.7  364.7  332.6  294.5  312.5  363.2    5.2    0.7 2171.7   79.7  418.6 1304.2  369.1
1960    0.0    6.0   40.5   25.3  253.7  314.6  527.4  338.1  424.0   86.1   21.0    2.1 2038.9    6.0  319.5 1604.1  109.2
1961   12.4   36.9  133.7   73.3  252.5  342.6  343.1  354.7  266.9  118.5   18.6    3.1 1956.2   49.3  459.4 1307.3  140.1
1962   17.4   22.1   11.6  112.8  226.0  420.3  308.5  389.4  175.9  114.1    1.8    1.7 1801.5   39.5  350.3 1294.1  117.6
1963    3.0    3.3   41.5  134.0  236.3  438.6  438.3  418.4  242.5  160.2   20.2    3.0 2139.1    6.4  411.8 1537.7  183.4
1964    5.1   15.7   43.0  173.7  213.0  387.0  580.7  293.2  316.8  187.7   15.9    4.7 2236.5   20.8  429.7 1577.7  208.3
1965    1.9   49.3   54.2   88.2  206.3  432.3  424.5  431.3  265.2   85.0   35.1   10.7 2084.1   51.3  348.7 1553.4  130.8
1966   26.9    6.4   14.3   83.6  233.1  470.8  436.6  444.7  267.9  131.2   36.0   17.9 2169.4   33.3  331.1 1620.0  185.0
1967   27.5   20.7   99.9  113.5  194.3  323.8  412.2  273.1  328.9  112.4    7.8    2.5 1916.6   48.2  407.7 1338.0  122.6
1968   12.7   17.2   48.9   91.2  217.4  463.6  525.9  403.4  217.2  174.4   26.8    0.6 2199.4   29.9  357.5 1610.2  201.8
1969   11.5    1.7   68.1  132.6  196.2  410.9  393.8  414.9  248.7   76.5   28.6    2.3 1985.8   13.2  396.9 1468.3  107.4
1970   38.6   31.8   54.4  119.5  195.2  448.6  491.8  323.4  359.4  211.8   32.6    0.7 2307.8   70.5  369.2 1623.1  245.1
1971   16.0   14.7   26.4  205.0  205.6  420.3  427.3  403.0  247.3  220.6   65.4    2.2 2253.6   30.7  436.9 1497.9  288.2
1972    7.0   28.6   39.4  128.9  205.7  345.1  376.1  296.0  233.3   66.8    5.8    1.4 1734.0   35.6  373.9 1250.4   74.1
1973    9.2   44.0   36.8  146.2  300.0  481.6  309.6  339.5  358.3  180.4   66.6   52.8 2325.0   53.3  483.0 1489.0  299.7
1974   18.4    2.8   81.7  150.6  240.8  368.7  657.7  433.5  306.7  176.7   20.3    2.5 2460.3   21.2  473.0 1766.6  199.5
1975    6.3   17.8   14.2  102.0  221.5  302.6  523.6  277.8  298.4  153.6   38.1    0.8 1956.7   24.1  337.7 1402.4  192.5
1976    5.9   37.4   71.1  150.0  194.5  453.1  460.4  366.8  184.7   59.0   15.7    5.5 2004.2   43.4  415.6 1465.0   80.2
1977    6.8   20.3   33.7  284.3  274.0  410.5  455.1  409.4  196.8  164.2   42.6   28.2 2325.9   27.1  592.0 1471.8  235.0
1978    2.4    8.7   37.2   92.0  236.1  362.5  381.5  290.4  349.1   87.3   36.0    1.4 1884.7   11.1  365.3 1383.5  124.8
1979    8.3   13.4   38.9   75.7  119.9  251.9  518.8  280.5  317.4  153.4   21.6   41.0 1840.7   21.7  234.5 1368.6  216.0
1980    8.8   31.3   75.7  106.8  274.9  330.0  434.5  366.1  217.8  180.9    0.3    1.4 2028.6   40.1  457.5 1348.5  182.6
1981   24.6   30.2   71.2  170.2  272.8  244.3  513.0  332.1  239.4   30.1    4.3   47.5 1979.7   54.8  514.3 1328.7   81.9
1982    0.8   27.2   45.9  194.8  130.1  314.5  377.0  323.9  227.1   43.2   33.4    7.2 1725.1   28.0  370.7 1242.5   83.9
1983   15.8   31.5   81.1  133.1  219.9  302.8  461.3  354.6  339.5  197.9    8.3   25.0 2170.7   47.2  434.2 1458.2  231.1
1984   18.6    5.2   10.1  127.8  299.1  476.7  463.0  341.9  366.3  124.9    4.6   13.1 2251.3   23.8  437.0 1647.9  142.6
1985    5.4   31.1   67.4  124.2  241.7  397.3  474.1  308.7  323.5   85.4    4.3   12.8 2076.0   36.5  433.4 1503.6  102.6
1986    6.0    9.6   17.0  190.6  139.7  270.4  361.0  296.8  392.1  219.0   74.9    6.6 1983.7   15.6  347.3 1320.2  300.5
1987    5.0   19.8   76.5  140.6  137.1  362.1  516.8  455.7  375.4   95.6   23.1    6.7 2214.3   24.8  354.2 1710.0  125.3
1988    7.8   35.9   66.9  107.7  313.2  370.1  509.3  528.4  281.5  145.4  114.0   10.6 2490.7   43.6  487.7 1689.4  270.0
1989    5.5   31.8   21.7  117.3  233.6  355.2  551.6  282.1  417.0  188.7   13.2    7.5 2225.2   37.3  372.6 1605.9  209.4
1990    4.7   55.9   91.0  219.1  252.0  378.3  448.6  277.1  339.2  152.6   30.0    5.6 2254.1   60.6  562.1 1443.2  188.2
1991   19.1   24.6   54.7  136.8  325.3  431.4  383.9  320.0  378.7  209.9   14.4   47.7 2346.4   43.7  516.7 1514.0  272.0
1992    9.6   51.0   24.1   78.0  213.1  326.3  465.7  279.5  271.3  116.5    8.0   12.7 1855.8   60.6  315.3 1342.8  137.1
1993   28.2   70.6   70.5  133.9  254.1  454.3  521.5  387.9  305.5  116.2   18.9    0.8 2362.6   98.9  458.6 1669.2  135.9
1994   23.0   47.4  108.6  114.9  248.5  383.1  314.1  377.9  200.0  122.6   10.9    1.2 1952.2   70.4  472.0 1275.0  134.8
1995   12.0   37.5   28.2   81.7  252.5  432.7  423.4  444.2  466.3   82.6  115.4    4.9 2381.5   49.5  362.4 1766.6  203.0
1996   14.9   25.8  105.4   81.2  277.9  269.7  417.2  395.7  233.2  180.3    3.0    0.1 2004.4   40.7  464.5 1315.8  183.4
1997   14.7   27.1   67.6  123.7  191.2  341.2  518.1  384.5  315.5   32.7   10.3   26.2 2052.8   41.8  382.5 1559.3   69.2
1998   18.9   37.7  142.0  149.2  194.9  340.8  532.8  492.7  302.0  177.5   64.7    0.5 2453.8   56.7  486.1 1668.4  242.7
1999    1.4    0.1   21.7   77.4  340.7  353.1  514.4  469.3  331.0  248.2    8.8    1.9 2368.1    1.5  439.8 1667.9  258.9
2000   19.2   31.5   46.7  182.4  356.2  411.4  345.9  421.1  369.0  117.3   17.0    0.9 2318.6   50.7  585.2 1547.4  135.2
2001    3.2   40.4   26.1  135.0  262.4  412.1  350.8  266.1  286.3  250.7   28.3    0.7 2062.2   43.6  423.6 1315.3  279.7
2002   20.7    5.4   60.0  210.4  245.9  361.7  523.8  370.3  242.7   69.0   61.9    2.4 2174.2   26.1  516.2 1498.5  133.4
2003    6.5   41.5   88.8  173.5  185.5  443.3  374.1  335.8  243.6  253.6    9.6   28.0 2183.7   48.0  447.8 1396.7  291.2
2004   10.3   11.7   34.7  266.6  266.5  359.1  559.5  277.9  303.7  291.5    3.4    4.4 2389.3   22.1  567.8 1500.2  299.3
2005   21.2   27.0  128.6  153.9  228.0  289.9  393.0  427.3  203.1  277.2    8.5    2.7 2160.4   48.2  510.5 1313.2  288.5
2006    0.2   29.2    8.9  148.6  253.6  319.8  379.7  273.9  305.9  136.1   20.6    5.4 1882.0   29.4  411.1 1279.3  162.1
