NORTH MOUNTAINOUS INDIA MONTHLY, SEASONAL AND ANNUAL RAINFALL SERIES FOR THE PERIOD 1844-2006. THE RAINFALL FIGURES ARE IN MM.
Blank spaces indicate data not available.
YEAR      J      F      M      A      M      J     JU      A      S      O      N      D    ANN     JF    MAM   JJAS    OND
1844                               65.7  111.5  290.4  352.4   42.9    5.5    6.3   13.3                       797.2   25.1
1845   34.5  121.9   81.5   29.0   52.6  167.9  360.3  310.0  100.4    4.5    5.1   54.2 1321.8  156.3  163.1  938.5   63.8
1846   52.0   29.3   36.4   25.9   26.3  158.0  515.5  373.2  263.1   17.1    6.6   13.8 1517.3   81.2   88.6 1309.9   37.5
1847  133.4   84.5   34.4   25.4   25.0   59.6  357.0  286.8  111.2   35.5    6.3   13.2 1172.2  217.9   84.7  814.6   54.9
1848   39.9   50.3   36.6   70.4   59.3  105.9  227.4  215.0   68.7   18.5    6.0   29.6  927.6   90.2  166.3  617.1   54.1
1849   78.6   36.0   35.7   29.5   52.6  166.0  181.0  374.6  336.7   24.2   15.9   17.1 1347.8  114.6  117.8 1058.4   57.1
1850  118.3  112.1   57.3   59.8   24.1   97.2  177.9  458.2  191.7   12.4   13.1   39.7 1361.8  230.4  141.1  925.0   65.3
1851  156.0  128.9   46.0   47.7   23.3  112.6  340.3  340.5   89.6   25.8   16.9   12.5 1339.9  284.9  116.9  883.0   55.1
1852   42.7   52.4  167.1   41.9   90.7  188.5  543.6  339.3  158.1    8.0   27.1   13.8 1673.3   95.1  299.6 1229.5   49.0
1853  142.8   40.5   42.7   85.6   48.0  204.3  553.9  339.4  198.8  139.8    3.4    6.9 1806.0  183.2  176.3 1296.3  150.1
1854  105.9   82.0   20.2   53.7   57.4  268.4  303.8  605.3  220.4   31.7    2.6   51.1 1802.5  187.9  131.3 1397.9   85.5
1855   54.5   33.2  169.7   90.8   31.5  122.3  561.6  468.3  229.4   23.4    5.9   20.2 1810.7   87.7  292.1 1381.5   49.4
1856   71.6   48.0   81.0   63.4   73.9  289.9  504.9  373.8   81.1   12.8    3.9   40.1 1644.4  119.6  218.3 1249.7   56.8
1857   94.6  100.4   38.2   98.1   59.7  161.9  506.7  308.8  157.7   47.0   29.2   14.6 1616.8  195.0  196.0 1135.0   90.8
1858  117.2   94.4   53.3   28.4   42.4  130.8  370.1  593.6  156.6   13.7    3.8   43.2 1647.5  211.6  124.0 1251.2   60.7
1859   56.4  174.6  133.2   94.0   82.9  208.4  327.9  465.1  124.2   14.2    2.7   80.7 1764.3  231.0  310.1 1125.6   97.6
1860   75.3  164.5   62.1   51.3   35.3  117.6  270.9  222.3   87.2   15.9    6.2   16.6 1125.3  239.8  148.7  698.0   38.8
1861   52.8   30.4   54.2   25.8   84.0  246.8  536.1  512.4  119.5    7.4    3.4   43.9 1716.7   83.2  164.0 1414.8   54.7
1862   83.0   11.2   76.9   59.3   46.2  213.7  555.5  459.9  210.0   57.0    2.5   14.3 1789.5   94.2  182.5 1439.0   73.8
1863  112.3   19.9   50.3   61.0   29.1  300.1  470.9  368.6   91.9   83.1   12.0  103.3 1702.5  132.1  140.4 1231.6  198.4
1864   54.3   84.4   60.1  118.5  110.0   48.7  312.6  326.0  104.6   17.0    2.8   46.1 1285.0  138.6  288.7  791.8   65.8
1865   71.1  160.2  217.7   66.3   88.1   57.6  195.5  435.5  192.8    3.6    2.0   57.8 1548.3  231.3  372.1  881.5   63.4
1866  131.7   68.3   13.4   83.2   11.1  137.5  451.8  402.2   48.9   29.0    3.1    6.2 1386.5  200.0  107.8 1040.4   38.3
1867   31.9   54.3   62.9   75.5   87.6  234.4  326.2  356.0   81.1   61.8    2.8   15.6 1389.9   86.2  225.9  997.6   80.2
1868   89.9  166.9   95.4   81.3   45.1  215.7  380.1  261.4   49.4    5.3    1.9   24.1 1416.5  256.8  221.8  906.7   31.2
1869   83.2   36.8  231.3   17.2   14.7   89.8  307.5  320.0  302.3   84.9    1.8   41.6 1531.2  120.0  263.2 1019.6  128.4
1870   33.2   48.2  120.9   47.7   27.0  174.6  380.8  412.6  129.7   30.7    2.2    9.9 1417.5   81.4  195.6 1097.7   42.9
1871   25.2  163.7    5.9   33.4  107.2  332.7  630.3  474.9   93.7    3.6    1.7   43.3 1915.6  188.8  146.5 1531.6   48.6
1872  157.3   51.6   46.6   36.0   44.4  217.6  436.5  414.7  222.8   12.1    4.7   13.7 1658.0  208.9  126.9 1291.7   30.5
1873   67.6   23.0   67.7   10.3   91.7   40.1  416.4  317.0  138.3   11.2    4.4   40.3 1228.1   90.6  169.6  911.9   56.0
1874   72.6  118.7  118.8   22.2   13.5  239.3  483.9  414.8  172.4    4.6    2.2    9.6 1672.8  191.4  154.6 1310.4   16.4
1875   41.4  155.3   27.0   26.4   94.4  171.1  476.6  433.3  243.4   15.8    3.1   20.1 1707.9  196.7  147.7 1324.4   39.0
1876   33.7   50.0   71.2   74.4   53.3   49.6  488.0  506.1  170.0   58.3    2.1    3.9 1560.6   83.7  198.8 1213.7   64.3
1877  148.5  103.5  126.3   90.0   78.8   92.0  207.8  133.5   74.9   47.9   45.7  133.5 1282.5  252.0  295.1  508.3  227.1
1878   69.1  133.6   40.8  168.2  175.5   41.2  388.0  476.1  116.2   11.9    2.1    6.7 1629.5  202.7  384.5 1021.6   20.7
1879   13.4   50.6  109.2   13.7   17.8  253.2  610.9  596.8  221.9   25.0    1.9   31.7 1945.9   64.0  140.6 1682.7   58.6
1880   74.4  166.2    6.9   61.9   84.1  197.5  607.2  256.0  243.5    3.7   26.8   56.4 1784.6  240.6  152.9 1304.1   87.0
1881   18.6   76.6  176.0   27.7   64.7  161.2  317.9  365.0  185.2    9.1    2.4    4.3 1408.8   95.2  268.4 1029.4   15.8
1882   91.7   66.0   28.7   33.4   48.6  184.8  522.4  446.0   62.6    6.6    3.3    8.6 1502.6  157.7  110.7 1215.9   18.4
1883  139.8   16.2   81.2   24.3   98.9  140.0  308.3  295.3  112.0    6.0   60.2   10.9 1293.1  156.1  204.5  855.6   77.0
1884   20.7   52.6   67.5   17.6   30.5  138.5  355.7  505.7  234.4  107.8   14.7   12.6 1558.2   73.3  115.6 1234.2  135.0
1885  180.5   57.1   35.9   80.4  119.0  125.5  376.7  593.3   92.7    4.8    1.6  103.6 1771.2  237.7  235.3 1188.2  110.0
1886  110.6   48.6  151.9   26.9  113.8  117.3  479.6  462.0   93.4   49.1    3.1   22.4 1678.6  159.2  292.6 1152.2   74.5
1887  145.4   12.4   35.7   42.1   23.2  109.5  386.2  425.2  159.3   52.8   10.3    9.8 1411.9  157.9  101.0 1080.1   72.9
1888  104.9   74.2   60.4   30.6   45.7  122.1  506.6  485.5  366.3   53.7   49.7    5.2 1905.0  179.2  136.7 1480.5  108.6
1889  182.4  133.1   27.1   24.9   70.5  296.7  613.8  413.4  112.7    4.6    2.7    4.3 1886.1  315.5  122.5 1436.6   11.5
1890   37.1   37.5   62.5   90.6   39.1  161.4  702.6  472.4  162.6   39.1    3.6   71.2 1879.7   74.6  192.1 1499.0  114.0
1891   91.7  134.7  108.7   40.5   49.7   46.2  252.2  515.4  213.8   66.6    6.2    1.2 1527.0  226.4  198.9 1027.7   74.0
1892   16.8   66.5    5.4   10.6   32.9  149.3  432.5  519.7  194.9    3.8    4.1   23.7 1460.2   83.3   48.9 1296.3   31.6
1893  151.7  163.4  107.1   40.7   76.8  248.8  487.6  272.7  285.8  119.3   14.0    5.7 1973.6  315.1  224.6 1294.9  139.0
1894  175.9  119.6  123.7   27.2   32.7  315.7  594.4  506.9  201.5   84.2   38.4  114.1 2334.5  295.5  183.7 1618.5  236.7
1895  133.1   75.5   61.9   62.9   30.5  272.8  312.4  491.4   83.6   42.8   10.9   12.4 1590.2  208.6  155.3 1160.2   66.1
1896   56.7  121.6   39.1   15.1   30.1  260.3  280.3  441.9   46.0    8.7   22.6   40.7 1363.2  178.3   84.3 1028.6   72.0
1897  108.8   57.4  107.0   60.9   42.8  105.5  472.0  485.8  249.8    4.6    1.1   12.3 1707.9  166.2  210.7 1313.1   18.0
1898   27.2  217.0    3.6   18.9   49.6  173.0  426.1  552.6  155.6   35.2   14.9   82.7 1756.5  244.3   72.1 1307.3  132.8
1899   30.2   87.1   19.1   50.0   61.3  205.9  480.1  236.9   24.9    8.1    6.0    2.9 1212.4  117.3  130.3  947.8   16.9
1900  142.1   28.7   40.7  137.2   77.3   90.9  404.5  404.8  223.5   16.0    0.3   90.0 1656.0  170.9  255.2 1123.7  106.3
1901  143.4  124.6   71.5   24.7   70.2   60.7  342.3  586.7  116.1   25.8    0.0   16.5 1582.5  267.9  166.5 1105.9   42.3
1902    3.8   15.8   69.9   81.2   50.0  108.4  313.3  317.3  161.8   31.0    7.0    0.0 1159.6   19.6  201.1  900.8   38.0
1903   79.0   14.1  142.9   21.4   58.4   51.7  280.0  413.1  203.6   32.7    0.8   38.3 1336.1   93.1  222.7  948.5   71.8
1904   69.7   15.8  126.4   22.6   67.3  110.9  450.5  424.6  125.0   31.8   28.9   53.4 1526.9   85.6  216.2 1111.0  114.1
1905  165.9   94.6  133.0   27.0   56.2   73.9  306.8  292.8  163.5    1.6    1.5   39.9 1356.7  260.5  216.2  837.0   43.0
1906   51.4  192.4   91.9   17.1   29.5  154.9  321.6  633.8  253.3    7.3    0.0   25.2 1778.5  243.8  138.5 1363.7   32.5
1907   69.5  183.4  141.2   88.6   60.0   52.3  226.0  340.9   36.2    9.0    2.3    1.6 1211.1  252.9  289.8  655.5   12.9
1908   49.9   82.4   10.7  104.1   39.2  106.3  454.4  452.7  108.8    7.8    3.1   35.7 1455.1  132.3  154.0 1122.2   46.5
1909   97.4   71.4   18.4   72.0   22.6  254.0  541.7  534.1  127.7   13.7    0.2   62.6 1815.8  168.8  113.0 1457.5   76.6
1910   81.3   48.5   48.0   31.9   48.7  150.9  552.5  491.0  189.9  117.1    4.4   30.5 1794.6  129.8  128.5 1384.2  152.0
1911  261.2   23.9  238.8   33.7   13.1  152.3  122.1  332.1  236.8   20.8   78.9    7.7 1521.1  285.1  285.5  843.2  107.4
1912  108.0   29.2   59.4   50.8   49.1   67.2  342.8  418.9  158.1    1.5   30.5   16.7 1332.2  137.1  159.4  986.9   48.8
1913   21.8  135.6   75.1   32.7   92.6  294.7  282.2  270.7   37.5   16.7   14.9   51.1 1325.5  157.4  200.3  885.1   82.7
1914   12.6  166.4  113.1   92.4   73.9  142.8  575.1  383.0  310.6   65.7   27.7   37.9 2001.1  178.9  279.4 1411.5  131.3
1915   50.4  124.4  101.2   73.9   24.1  129.7  358.4  478.9  159.2   23.3    0.0   16.8 1540.3  174.8  199.2 1126.2   40.1
1916    8.8   62.1   18.6   34.5   42.8  335.2  367.8  383.2  182.3   67.3    0.1    1.1 1503.8   70.9   95.9 1268.5   68.5
1917   21.8   40.8   58.9  112.7  101.1  274.2  486.3  466.0  470.2  123.4    0.0   26.6 2181.9   62.6  272.7 1696.7  150.0
1918   19.5   10.5  142.2  125.2   26.0  162.5  261.9  331.6   45.7    8.0   29.8   26.4 1189.2   30.1  293.3  801.7   64.1
1919  181.4   55.4   61.4   47.4   43.7  222.1  504.4  331.4  183.8   11.3    7.1   55.7 1705.1  236.8  152.5 1241.8   74.0
1920   31.0   76.7  125.6   25.3  100.4  133.6  459.9  293.6  121.2    9.7    0.0    9.8 1386.8  107.7  251.3 1008.4   19.5
1921  114.4   25.5   15.1   25.5    8.7  187.5  313.4  495.0  237.0   65.8    0.5   58.9 1547.3  139.9   49.3 1232.9  125.2
1922  105.1   47.7   25.9   34.9    8.7  118.8  530.3  590.1  294.5    7.9    1.0   45.9 1810.8  152.8   69.4 1533.8   54.8
1923  106.6  167.8   45.7   25.4   65.0   64.0  276.7  432.1  238.4   56.3   14.4   65.2 1557.6  274.3  136.2 1011.1  136.0
1924   58.7  112.7   47.1   28.6   67.1   35.0  452.1  434.0  455.4   44.2    3.6   61.7 1800.2  171.4  142.8 1376.5  109.5
1925   63.1   33.1   19.7   45.0   90.3  241.7  476.5  419.4   57.3   29.5   54.3    0.0 1529.9   96.2  155.0 1194.9   83.8
1926   28.0   32.6  186.9   72.8  101.8   38.0  484.4  467.6  192.2    5.4   19.9   14.6 1644.2   60.6  361.4 1182.2   40.0
1927   18.2  134.3   62.2   34.0   77.7   85.9  409.8  636.8  210.4   57.3   32.8   15.4 1774.8  152.5  174.0 1342.9  105.4
1928  113.5  151.8   48.2   69.0   16.2  106.7  443.2  323.0   85.3   15.7   51.6   78.6 1502.9  265.4  133.4  958.2  145.9
1929   63.6   37.3   19.6   39.7   22.2  147.2  330.3  477.1   80.8   64.7    0.2  142.9 1425.7  100.9   81.5 1035.5  207.8
1930   95.2   68.4   71.6   96.1   48.3  144.9  456.2  382.2   71.2   19.1    5.0   18.4 1476.6  163.6  216.0 1054.5   42.5
1931   33.8  104.2   55.8   11.3   76.8   41.5  279.9  385.4  247.6   81.9    4.0    1.2 1323.4  138.0  143.8  954.5   87.1
1932   43.8   29.4   51.5   16.5   49.5  121.0  417.6  570.4  210.1    3.8    4.5   56.8 1574.8   73.2  117.5 1319.0   65.0
1933   46.1   90.6   76.1   60.3   91.3  210.8  486.5  386.1  188.7  102.5    5.5    2.2 1746.7  136.7  227.7 1272.1  110.2
1934   82.5   14.7   53.3   29.7   21.8  209.3  629.5  401.4   55.5    1.1    0.7   65.2 1564.7   97.2  104.9 1295.6   67.0
1935  134.6   60.9   58.4   88.1    4.8   50.9  381.0  428.9  132.5   15.0   25.1   21.8 1401.9  195.6  151.3  993.2   61.9
1936   17.9  102.7   97.7   46.9   78.3  268.7  547.3  352.7  229.0   14.9    6.4   97.3 1859.8  120.6  222.9 1397.7  118.6
1937   25.1  169.8   37.2   59.5   42.7  155.7  341.5  520.3  208.5   46.4    4.5   56.0 1667.1  194.9  139.3 1226.0  106.9
1938  142.6  125.9   34.1   28.6   29.4  251.4  451.8  393.3   61.2   11.9    5.1    4.4 1539.6  268.4   92.2 1157.6   21.4
1939   34.1  119.4   85.9   31.4   11.0  161.9  386.7  241.0  213.9   36.1    0.0    0.0 1321.4  153.5  128.3 1003.5   36.1
1940   72.2   84.3   56.4   36.4   48.1  147.4  405.6  303.3  126.9    3.8    2.1   28.0 1314.6  156.5  140.9  983.3   33.9
1941   50.5   37.8   37.6    8.0   63.7  154.9  286.5  381.3  128.1   34.9    5.9   48.2 1237.3   88.2  109.4  950.8   88.9
1942  118.0  134.4   24.4   73.4   67.5  173.6  500.0  534.9  237.2    5.6    2.9   84.1 1956.0  252.4  165.3 1445.7   92.6
1943  154.3   20.1   62.8   80.0   49.3  113.1  378.0  644.7  171.1    3.8    0.5   11.4 1689.1  174.4  192.1 1306.8   15.8
1944   98.2   98.0  102.6   68.4   18.8  121.6  354.5  341.0  139.8   24.8   10.9   51.3 1430.1  196.2  189.8  957.0   87.1
1945  133.8   14.5   79.8   75.4   24.8  115.4  435.1  340.8  352.6   71.7    2.3    4.8 1651.0  148.3  180.1 1243.8   78.7
1946   20.3   69.8   39.9   49.4   94.7  171.9  472.3  372.6   84.8   78.4   35.5   47.4 1537.0   90.1  184.0 1101.5  161.4
1947   69.5   37.2   69.9    3.8   37.5   84.1  309.0  335.0  421.9   24.0    0.5   66.2 1458.5  106.7  111.2 1149.9   90.6
1948   28.5  141.2  232.4   32.8   34.5   83.9  393.2  600.8  143.6   52.9    2.6   38.3 1784.7  169.7  299.8 1221.5   93.8
1949   21.3  163.3   79.3   34.6   54.3   78.7  516.6  387.8  151.6   17.7    0.8   11.6 1517.6  184.6  168.2 1134.7   30.2
1950  173.6   58.3  128.8   26.7   67.0  245.9  492.8  500.8  263.8    2.5    0.1    5.9 1966.2  231.9  222.5 1503.3    8.5
1951   76.2   56.9   81.5   57.3   58.0   52.8  240.5  469.5  157.3   24.3   49.1    4.7 1328.1  133.1  196.9  920.0   78.1
1952   63.5   69.8  144.0   20.7   46.8  192.4  249.4  458.5   41.4    2.9    3.7   33.9 1327.1  133.4  211.5  941.7   40.5
1953  139.9   23.4   41.6   46.9   34.4  171.0  581.1  286.4  121.9   12.4    4.1   27.3 1490.3  163.3  122.8 1160.4   43.8
1954  148.0  206.3   59.7    4.7   26.0   68.2  419.5  657.0  216.8  104.9    1.3    4.9 1917.2  354.3   90.4 1361.5  111.0
1955   89.1   17.8   64.5   50.4   62.6   89.3  430.6  432.7  255.1  317.8    0.5    9.9 1820.4  106.9  177.4 1207.8  328.2
1956   58.2   36.4  125.0   33.9   80.8  184.3  461.9  361.4  168.3  281.4    2.2   27.6 1821.4   94.6  239.7 1175.9  311.2
1957  178.7   19.6  104.9   82.6   60.5   99.3  430.8  322.6  254.8   61.2   44.9   93.4 1753.2  198.2  248.1 1107.5  199.5
1958   57.3   21.6   50.5   32.9   23.8   86.9  551.5  513.3  263.1   69.5    2.6   70.8 1744.0   78.9  107.3 1414.8  142.9
1959  113.9  122.6   72.1   27.1   42.3   86.2  583.2  410.1  300.5   83.0   48.2    1.9 1891.2  236.5  141.6 1380.0  133.1
1960   67.1    0.6   83.2   33.5   19.1   99.2  418.5  325.4  165.1   46.9    5.7   34.7 1299.0   67.7  135.8 1008.3   87.2
1961  123.9  129.4   36.2   60.6   32.3  146.6  500.7  551.2  267.6   86.8   25.8   47.7 2009.0  253.3  129.2 1466.1  160.4
1962   55.5   97.3   53.8   38.2   18.2  126.7  387.1  413.6  316.7    2.8   36.3   46.3 1592.2  152.8  110.1 1243.9   85.4
1963    9.5   36.9  156.7   51.3   51.0  179.3  398.1  466.0  216.2    6.7   42.5   43.5 1657.8   46.4  259.0 1259.6   92.7
1964   91.6   33.8   39.6   58.3   96.7   85.7  470.0  410.8  267.4    0.0    0.3   46.9 1601.3  125.4  194.6 1234.0   47.2
1965   54.1  129.3  105.9   95.1   81.4   43.2  340.0  230.4   58.2   28.5   12.4    9.4 1187.9  183.4  282.4  671.8   50.3
1966    2.7  125.9   64.8   37.6   65.7  222.4  427.9  459.0  281.0   53.9    8.7   19.0 1768.5  128.6  168.0 1390.3   81.6
1967    3.5   59.9  141.7   23.8   21.9  123.7  788.9  649.1  210.9   28.4    8.7  100.0 2160.4   63.4  187.4 1772.6  137.1
1968  112.7  107.4   73.9   37.3   13.5  173.4  367.1  289.7  107.9   37.3    5.0   38.7 1363.8  220.1  124.6  938.1   81.0
1969   49.9   60.1   66.7   72.7   61.6   71.0  338.7  493.6  229.8   15.2    0.0    0.0 1459.3  110.0  201.0 1133.1   15.2
1970   76.3   37.8   38.0    7.7   54.1  205.1  378.3  383.4  186.1   23.5    0.0    1.2 1391.4  114.1   99.7 1152.9   24.7
1971   46.3   93.1   17.7   65.5   74.8  308.6  318.7  479.2  122.2   69.4   25.0    5.1 1625.5  139.4  157.9 1228.6   99.6
1972   45.9  127.2   73.0   81.5   20.6   77.6  420.5  232.5  304.5   48.8   23.2   44.5 1499.9  173.1  175.1 1035.1  116.6
1973  140.6   75.5  104.4   31.1   59.3  260.0  367.3  390.1  213.0   61.6    1.3   18.5 1722.7  216.1  194.8 1230.5   81.4
1974   87.1   53.2   47.0   32.0   52.7  118.4  385.5  262.0   54.0   24.1    6.6   71.2 1193.9  140.2  131.7  820.0  102.0
1975  110.7  111.5  154.2   41.3   73.2  130.9  474.4  330.6  266.3   36.5    2.9    1.4 1733.9  222.2  268.6 1202.2   40.9
1976   67.8  138.4  117.4   52.1   48.9  114.0  381.8  428.8  111.2   19.2    0.2    8.8 1488.4  206.2  218.4 1035.7   28.1
1977  219.0   16.4   10.9   97.8  115.5  164.7  550.0  374.0  242.5   28.9    7.7   69.9 1897.5  235.4  224.3 1331.2  106.6
1978   38.8   79.0  218.3   39.4   23.2  238.4  406.5  435.9  234.1   10.4   58.0   12.2 1794.2  117.7  281.0 1315.0   80.5
1979   70.5   97.5  156.6   43.2  112.4  107.7  220.0  275.3   65.6   11.9   40.7   38.8 1240.2  168.0  312.1  668.7   91.5
1980   46.3   89.2   86.1   25.1   25.8  180.8  442.0  353.1  128.6   32.4   24.9   30.7 1465.1  135.6  137.0 1104.6   88.0
1981  104.4   60.3  163.9   44.5   77.3  144.0  410.5  266.2   79.9    5.6   52.7    7.4 1416.7  164.7  285.7  900.5   65.7
1982   81.0   86.8  201.2  112.6   93.5   68.9  268.7  298.8   62.6   34.0   21.6   58.6 1388.3  167.8  407.3  698.9  114.3
1983   73.1   75.7  187.0  145.4  116.2  100.8  236.4  339.4  276.2   49.3    4.7   10.2 1614.3  148.9  448.6  952.7   64.2
1984   18.4  123.1   46.8   63.7   29.1  207.3  342.4  268.1  134.5    3.3   20.0   41.7 1298.4  141.5  139.7  952.2   65.0
1985   68.7   15.9   24.6   53.6   72.6   85.6  372.4  355.0  189.7  133.2    2.0  108.9 1482.2   84.5  150.8 1002.8  244.1
1986    9.1   78.8  107.9   79.5   89.1  117.8  434.3  336.1  105.7   79.4   76.5   79.7 1593.8   87.9  276.5  993.8  235.6
1987   37.2   97.3   80.9   72.9  181.2   88.6  208.2  288.9  136.5   66.1    0.2   15.7 1273.9  134.6  335.0  722.3   82.0
1988   41.7   98.5  181.6   34.5   44.8  132.4  506.0  363.0  262.0    2.2    1.4   97.2 1765.3  140.2  260.9 1263.4  100.8
1989   93.6   42.8   78.4   44.4   55.1  119.1  416.6  323.1  107.4   19.2   42.7   56.3 1398.6  136.4  177.9  966.1  118.2
1990   38.0  172.2  182.8   40.9   85.2   88.0  421.3  302.4  194.9   20.5    8.5  115.9 1670.6  210.2  308.9 1006.6  145.0
1991   19.2  123.3   86.7  120.3   50.1  116.6  187.8  318.4  113.9    4.2    4.2   32.2 1177.0  142.5  257.1  736.7   40.7
1992  160.2   83.7  123.6   34.6   59.4   74.8  239.8  398.0  177.6   16.8   16.6    3.7 1388.8  243.9  217.6  890.2   37.1
1993  114.9   86.9  194.8   20.6   70.6  124.1  362.1  242.8  334.4    2.0   23.8    0.0 1576.9  201.8  285.9 1063.4   25.8
1994   82.0   98.8   25.4  107.7   84.5  142.2  449.4  448.7   74.7   18.8    1.2   62.4 1595.7  180.8  217.6 1114.9   82.4
1995   82.3  154.7   81.0   66.8   28.9   85.1  420.7  406.0  210.3   11.8   17.6   27.5 1592.7  237.0  176.8 1122.0   56.9
1996  105.6  111.5  139.6   60.2   54.0  222.8  266.7  488.5  139.1   61.1    6.4    6.3 1661.9  217.1  253.8 1117.1   73.8
1997   56.2   38.8   98.9  122.1   91.6  141.4  242.4  361.9  171.1   70.7   88.7   80.4 1564.2   95.0  312.6  916.8  239.8
1998   21.0  160.0  139.1  109.4   71.9  129.9  273.0  316.9  140.6  107.6    7.8    4.9 1482.1  180.9  320.4  860.4  120.3
1999   96.8   34.6   36.3    5.7   55.2  128.9  428.4  210.7  218.4   20.3   23.8    7.6 1266.6  131.3   97.2  986.4   51.7
2000  102.2  120.2   67.7   26.8   99.9  256.7  356.5  276.0  114.9    0.0    9.7    6.4 1437.1  222.4  194.4 1004.1   16.2
2001   28.0   33.3   68.7   75.4   98.5  211.9  403.3  337.5   91.2   10.8   14.5   27.5 1400.6   61.2  242.6 1043.9   52.9
2002   64.5  129.0  107.6   80.8   59.2  113.5  204.9  352.8  226.9   25.6    4.2   11.2 1380.0  193.4  247.5  898.1   41.0
2003   39.2  185.2  145.0   62.4   54.2   91.3  379.9  344.4  226.9    2.8   21.8   50.8 1604.0  224.4  261.6 1042.5   75.5
2004   73.4   23.6    2.3   54.8   82.4  147.6  390.2  321.6   94.9   68.1   14.0   19.9 1292.8   97.0  139.4  954.4  102.0
2005  103.0  192.9  100.9   31.0   40.1   59.2  324.4  221.4  231.7    8.6    3.4   26.5 1342.9  295.9  172.0  836.6   38.5
2006   85.4   22.6   89.0   38.4  101.1  128.6  334.5  327.6  150.5   22.0  101.8   50.8 1452.3  107.9  228.6  941.3  174.6
