NORTH WEST  INDIA MONTHLY, SEASONAL AND ANNUAL RAINFALL SERIES FOR THE PERIOD 1826-2006. THE RAINFALL FIGURES ARE IN MM.
Blank spaces indicate data not available.
YEAR      J      F      M      A      M      J     JU      A      S      O      N      D    ANN     JF    MAM   JJAS    OND
1826   31.5    3.7    2.1    0.6   14.8  247.0  244.8  366.0    6.1    0.0   12.6    2.7  931.8   35.2   17.5  863.8   15.3
1827   11.5    9.4   41.1    0.7    5.8   68.1  255.8  170.4  271.4    0.0   29.5    3.9  867.5   20.9   47.6  765.7   33.4
1828    9.3   17.5   10.1    1.2   19.4   91.4  192.6  199.2  162.9   66.9    3.0    3.0  776.4   26.8   30.7  646.1   72.9
1829    7.1   12.8   28.0    1.1    4.0   91.4  286.2  187.8  114.4   88.5    1.1    6.6  829.0   19.8   33.2  679.8   96.2
1830    7.1    4.2   19.6    6.7   17.3   90.9  163.9  168.2   84.4   18.8    1.0    2.8  585.1   11.4   43.6  507.5   22.7
1831    7.2    4.3    2.1    0.6    4.3  150.0  171.4  290.5  213.8   93.8   28.4   73.1 1039.5   11.5    7.0  825.7  195.3
1832
1833
1834
1835
1836
1837
1838
1839
1840
1841
1842
1843                               27.9   89.6  211.3  153.1
1844   13.7   10.7    9.0    5.2    9.5   37.3  242.4  207.3   46.7    1.2    0.0    2.5  585.4   24.4   23.7  533.7    3.7
1845    3.7   40.6   12.8    2.0   12.1   92.4  339.0  195.6   26.0    0.6    0.0   12.6  737.4   44.3   26.9  653.1   13.2
1846    2.1    2.9    5.2    0.6   13.6  224.2  280.3   89.1  130.0    7.7    0.0    0.2  755.9    4.9   19.3  723.7    7.9
1847   15.0   14.7    6.6    0.6   10.5  133.9  230.1  200.8  103.3   16.9   29.7    0.4  762.5   29.6   17.8  668.0   47.1
1848    3.1    5.5    0.6    0.4   26.6   61.0  129.1  134.7   73.9   10.2    1.8    8.2  455.2    8.7   27.5  398.8   20.2
1849   42.1    2.4    0.4    2.8    8.0  113.3  149.9  228.1  172.5   30.7    7.7    0.6  758.4   44.5   11.2  663.7   39.0
1850   38.2   20.0    2.4   10.2    0.7   72.4  158.5  221.2  125.9   14.1    1.6    7.8  672.9   58.1   13.3  578.0   23.5
1851   33.8   22.1    3.0    4.9    6.5   44.9  294.3  137.5   78.7   13.3    6.2    0.0  645.3   55.9   14.4  555.4   19.5
1852    2.1    3.3   45.0    6.4   29.5  125.8  172.0  246.8   70.7    4.3    6.6    4.0  716.5    5.4   80.9  615.3   14.9
1853   19.7    6.1    1.6    7.0   13.5  118.7  286.3   70.9   26.0   77.0    0.0    0.0  626.8   25.8   22.0  501.9   77.0
1854    6.9   17.7    0.0    1.9    6.4  132.6  207.5  276.2  149.3   28.5   13.5   14.6  855.0   24.5    8.3  765.6   56.6
1855    9.2    4.6   24.0   18.8    0.0   90.7  307.4   42.7  135.5   16.8    0.0    0.0  649.7   13.8   42.8  576.3   16.8
1856    3.8    4.8    0.0    0.3   11.3  116.9  318.9  247.3  118.6    8.7    5.4    1.8  837.8    8.7   11.6  801.7   15.9
1857   36.6   16.1    0.0    9.5    6.7  107.0  180.1  258.2  168.7   15.8    9.9    0.0  808.5   52.6   16.2  714.0   25.7
1858   16.9    8.8    1.4    0.0    2.3   60.8  304.6  135.7  141.7    8.4    0.0    3.4  684.1   25.7    3.7  642.9   11.8
1859   23.1    9.8   11.1   31.1    8.8  109.4  173.0  184.4  141.8    7.3    0.0   24.5  724.4   32.9   51.0  608.7   31.8
1860   11.2   14.0    3.4    0.5   15.6   37.0  223.5  142.7   68.9   13.3    0.0    0.0  530.2   25.2   19.5  472.2   13.3
1861   13.6    0.0    4.2    1.1   15.0  154.8  326.0  213.6  102.4    5.7    0.0    3.9  840.2   13.6   20.2  796.8    9.6
1862    5.1    0.7   13.6    2.8   12.9  125.6  317.4  182.1  178.6   50.0    7.9    0.0  896.7    5.8   29.3  803.7   57.9
1863   18.4    0.2   10.2    1.4    6.8  199.4  339.4  186.8   48.2   36.2    2.2    2.9  852.0   18.6   18.4  773.7   41.3
1864    9.4   12.4    2.2    8.6   26.5   39.0  223.2  178.9   87.2    0.2    2.3    0.8  590.6   21.8   37.3  528.2    3.4
1865   14.0   24.3   29.4    7.1   18.8   43.3  188.4  293.2  127.5    8.1    0.0   14.0  768.0   38.3   55.3  652.3   22.1
1866   18.7    7.5    0.0    7.7    1.0   93.5  259.3  265.8   37.2    5.3    0.0    0.7  696.7   26.1    8.7  655.9    6.0
1867    6.0    5.4    6.5    9.2   20.1  118.4  269.5  308.4  114.6   44.5    0.0   10.0  912.5   11.4   35.7  810.9   54.5
1868   17.5   16.8   11.5    8.6   10.6   66.4  186.7  107.8   47.1    0.3    0.0    1.6  474.8   34.3   30.6  408.0    1.9
1869   15.0    3.6   32.3    0.2    2.0   49.9  247.5  125.3  244.5   49.4    0.0   11.6  781.3   18.6   34.4  667.3   61.0
1870    6.3    1.4   23.1    7.0    5.1  180.2  244.6  182.0  110.9   19.6    0.8    4.2  785.2    7.7   35.3  717.6   24.6
1871   11.3   18.2    0.2    3.1   30.9  206.3  267.7  180.1  115.9    0.8   10.4   11.6  856.3   29.4   34.1  770.0   22.8
1872   15.4    4.9    5.5    7.1   10.0  103.1  272.4  285.3  114.6    5.3    0.3    8.5  832.4   20.4   22.6  775.3   14.0
1873    7.1   11.7    5.0    1.0   19.1   46.1  273.0  210.1  192.0    8.6    1.5    2.9  778.1   18.8   25.1  721.2   13.0
1874    8.1    5.8    8.2    0.5    7.8  157.7  304.2  224.3  117.6    0.8    0.0    0.4  835.3   13.9   16.5  803.7    1.2
1875    1.7   24.5    1.9    1.2   14.2   72.5  306.4  184.3  288.3    9.6    0.0    4.8  909.4   26.2   17.3  851.5   14.4
1876    0.7    2.0    7.7    6.7   11.1   42.3  320.4  164.0  161.6   14.1    0.4    0.0  731.1    2.7   25.4  688.4   14.6
1877   35.2   28.0   10.3   12.4   17.1   75.2  102.1   63.9   67.4   71.1    7.9   54.1  544.8   63.2   39.8  308.7  133.0
1878   13.6   13.3    3.1   17.2   34.0   60.2  292.8  308.9  139.0    8.8    0.4    2.8  894.0   26.9   54.3  800.9   11.9
1879    1.9   11.3    5.6    0.2   11.3  145.3  169.2  323.8  114.2   32.1    0.1    6.8  821.8   13.2   17.1  752.5   39.0
1880    1.7   13.3    0.1    0.5    7.1   96.1  260.3  114.5  194.7   24.7    9.6    7.8  730.4   15.0    7.7  665.5   42.1
1881    1.4    7.5   33.1    4.9    8.4  102.8  359.9  256.8   63.3    6.2    1.8    2.4  848.5    8.9   46.4  782.8   10.4
1882   16.1    8.8    0.2    3.2   10.7  140.7  385.7  130.4  128.2    0.8    7.4    0.4  832.6   24.9   14.0  785.0    8.6
1883   32.1    0.3    8.4    0.7   28.8  108.6  215.4   81.8  191.8   22.7    3.0    0.7  694.5   32.5   37.9  597.7   26.5
1884    9.3    3.4    2.9    0.4    4.1  116.7  273.6  238.3  280.3   27.4    0.3    6.7  963.5   12.7    7.4  909.0   34.5
1885   26.5    2.6    4.4    6.3   26.4  140.9  242.0  297.3   24.3   18.3    1.6   47.3  837.9   29.0   37.1  704.5   67.3
1886   12.5    1.2   16.5    0.6   22.4  142.5  296.6  184.2   50.0   56.0    0.8    9.7  793.0   13.7   39.5  673.4   66.4
1887   20.7    0.6    0.7    1.4    2.1   97.6  347.0  280.4  124.1   16.6   13.6    4.8  909.5   21.3    4.2  849.1   34.9
1888   19.9   17.4    4.7    2.2    3.7   53.6  243.2  262.4  121.3    6.7   14.0    0.1  749.2   37.3   10.6  680.5   20.8
1889   15.7   26.3    2.4    5.6   19.4  122.2  248.1  314.8   38.9   15.3    0.1    0.0  808.8   42.0   27.3  724.1   15.4
1890    2.7    0.7    8.4    5.1    4.4  159.5  274.5  185.9   99.5    4.8    6.3   12.6  764.4    3.4   17.9  719.4   23.7
1891   22.4    4.2   23.7    3.6   10.1   22.9  231.6  255.1  242.9   18.9    0.5    0.0  835.9   26.7   37.4  752.5   19.4
1892   12.3    9.3    0.4    0.6   10.4   68.1  266.4  301.2  230.3   13.2    0.5   11.8  924.6   21.6   11.4  866.0   25.6
1893   34.3   28.8   19.0    3.8   31.5  202.2  225.6  180.6  196.7   20.1   30.2    2.1  974.9   63.1   54.3  805.0   52.5
1894   31.8   10.5   10.1    1.5    4.2  209.7  307.9  207.6  165.4   56.2   12.7   33.9 1051.6   42.3   15.8  890.6  102.8
1895   31.0   10.1    8.3    8.9    2.4  153.8  193.9  209.9   47.3    7.7    0.1    3.3  676.8   41.1   19.6  604.9   11.2
1896    2.6    7.5    1.3    0.2    4.2  141.3  241.2  228.6   11.3    0.7   15.0   12.2  666.0   10.0    5.7  622.3   28.0
1897   13.6    2.7    2.7    5.0    4.5   68.6  248.9  264.8  121.1   10.3    0.2    0.7  743.1   16.3   12.1  703.5   11.1
1898    0.9   52.4    0.1    1.4   10.9   96.0  270.6  178.7  115.1    1.2    1.2   13.8  742.1   53.2   12.4  660.3   16.2
1899    0.9    4.4    0.3    5.1   11.5  181.7  132.5   39.0   20.5    1.1    0.0    0.5  397.5    5.3   16.9  373.7    1.6
1900   14.5    2.4    1.3   13.5   10.7   26.9  202.2  331.0  218.1    1.0    1.0   20.9  843.4   16.9   25.4  778.2   22.9
1901   31.5   18.2    9.2    2.8    8.9   26.0  188.9  248.8   37.2    6.3    0.1    3.1  581.0   49.7   20.8  500.9    9.5
1902    4.7    2.1    1.4    4.5    8.8   44.6  243.9  157.6  153.0   15.0    6.3    4.6  646.3    6.7   14.7  599.0   25.9
1903    9.3    0.9    6.3    0.3   14.9   33.7  243.6  212.0  166.5   53.6    0.0    1.3  742.4   10.2   21.5  655.8   54.9
1904    6.3    7.5   32.5    0.4   19.2   57.7  222.0  169.4   88.2    5.3    6.6   15.7  630.6   13.8   52.0  537.2   27.6
1905   17.7   14.6    7.8    3.1    4.1   22.6  219.8   76.7  112.6    0.4    0.0    2.4  481.6   32.2   14.9  431.7    2.8
1906    2.3   37.5   17.8    0.3    2.5  132.2  242.5  174.2  199.9    2.4    0.0    5.9  817.4   39.8   20.5  748.8    8.4
1907   10.3   49.8   12.4   20.7    7.3   38.6  173.2  309.3    8.4    0.1    2.2    0.4  632.8   60.0   40.4  529.6    2.7
1908   18.8    5.7    3.4    5.7    7.4   62.1  329.5  355.9   50.4    1.5    1.2    1.7  843.3   24.6   16.6  797.8    4.3
1909    9.5    7.8    0.4   42.2    5.6  134.8  287.8  177.7  124.1    1.8    0.0   27.8  819.5   17.3   48.2  724.4   29.6
1910    9.0    2.1    0.3    1.7    5.1  147.5  155.8  262.4  162.8   54.3   13.4    0.8  815.4   11.2    7.1  728.5   68.6
1911   39.3    1.2   33.8    0.8    0.7   95.3   64.2  112.7  177.7   12.4   31.0    0.3  569.4   40.5   35.2  449.9   43.7
1912   18.4    9.5    3.4    5.5    4.3   42.8  300.2  227.7  107.1    3.2   23.6    1.4  747.0   27.9   13.2  677.8   28.1
1913    0.4   23.8   13.9    0.7   40.5  156.7  202.5  146.5   51.2    0.9    1.1   12.8  651.1   24.2   55.0  557.0   14.8
1914    2.0    7.4   11.6   13.5   16.7  105.7  300.2  144.0  181.1   13.1    7.2    2.0  804.6    9.4   41.9  731.0   22.3
1915   18.9   37.9   36.4    5.9    7.7   75.0  143.5  146.7   88.0   54.7    0.7    2.5  617.9   56.8   50.0  453.3   57.8
1916    0.4   10.4    0.4    1.7   11.5  110.6  212.8  338.7  161.1   53.2    8.4    0.0  909.2   10.8   13.5  823.2   61.6
1917    6.4   16.3    6.3   18.7   66.3  132.1  245.7  279.5  293.6  114.2    0.0    2.8 1181.9   22.7   91.2  951.0  117.0
1918    3.7    1.0   10.8    7.4    9.3   68.0   71.6  161.4   26.3    0.3    6.0    2.0  367.9    4.7   27.5  327.3    8.3
1919   47.1    5.4    3.8    4.7   13.5   67.3  257.6  359.7   71.9   16.8   13.6   10.7  872.1   52.4   21.9  756.6   41.2
1920   21.7    6.7    7.9    0.8   32.0  121.2  268.2   94.3   34.0    0.4    0.0    0.2  587.4   28.4   40.7  517.6    0.6
1921   22.9    0.9    0.5    1.4    0.2   77.6  202.0  205.6  194.2    9.4    0.0    2.4  717.3   23.8    2.2  679.5   11.8
1922   20.5    4.0    0.3    0.9    4.3   86.5  249.4  158.3  194.3    3.4   11.2   14.7  747.7   24.5    5.5  688.5   29.3
1923    7.9   25.0    6.0    2.3   13.2   11.3  293.1  259.6  110.4   11.7    0.9   17.8  759.3   33.0   21.5  674.4   30.4
1924   20.5   12.3    2.0    0.4    8.4   37.0  254.2  218.3  225.1   37.7    1.4   19.3  836.6   32.8   10.8  734.5   58.5
1925    3.2    0.2    0.2    2.1   18.9  168.7  272.1  136.4   36.5    4.5   23.6    0.3  666.8    3.5   21.2  613.7   28.4
1926   13.5    4.0   31.2   10.3   24.8   17.1  244.9  349.7  169.8   11.8    1.3    1.3  879.6   17.5   66.3  781.5   14.3
1927    0.3   17.6   12.4    2.6    9.9   66.2  326.6  223.0   60.2   41.6   35.0   20.5  816.2   17.9   25.0  676.1   97.2
1928   10.6   33.7    2.9    2.9    3.1   51.8  265.1  154.1   63.3   45.8   11.0   23.4  667.8   44.3    8.9  534.3   80.2
1929   11.0    4.2    0.4    6.3    3.1   76.4  250.2  188.1   46.4    8.7    0.2   23.2  618.1   15.1    9.8  561.1   32.1
1930   14.8    7.7    1.5    5.1    8.9   91.9  323.2  142.0   83.3   30.9    1.1    3.1  713.6   22.4   15.6  640.4   35.2
1931    3.0   11.7    7.1    0.9    7.4   25.8  224.1  318.8  160.8   76.5    5.0    1.5  842.6   14.7   15.4  729.5   83.0
1932    2.4    5.4   14.8    3.2    4.9   39.6  300.5  145.1  175.9    8.9    2.1    7.0  709.7    7.8   22.8  661.1   18.0
1933    1.8   13.3    8.1   13.0   42.8  159.5  219.7  317.4  226.9   29.2    6.1    3.7 1041.4   15.1   63.8  923.5   39.0
1934   12.1    0.6   18.4    1.4    1.3  123.8  186.2  320.7  145.0    2.4    9.8    7.4  829.2   12.7   21.1  775.8   19.6
1935   22.0   13.0    2.9   17.7    1.2   50.0  302.4  143.4  145.0   11.0    3.0   11.9  723.5   34.9   21.8  640.8   25.9
1936    2.5   16.6   12.5    2.6    9.3  183.2  187.9  182.7  142.6    6.3   38.8   11.6  796.8   19.2   24.4  696.5   56.7
1937    1.0   42.2    5.9   14.3    6.2  119.1  334.8  108.4  145.6   15.2    1.0   10.9  804.4   43.1   26.4  707.8   27.1
1938   21.6    5.1    1.5    1.9   14.1  178.4  238.1  151.3   29.9   33.4    0.0    0.1  675.5   26.7   17.6  597.7   33.6
1939    6.2   19.9   15.5    1.3    0.7   72.9  188.6  173.2  109.9    3.1    0.7    0.5  592.4   26.0   17.5  544.6    4.2
1940   21.0   20.2   12.9    3.6    7.0   95.8  237.7  277.0   48.3   18.6    9.6    5.6  757.3   41.2   23.5  658.9   33.7
1941   25.3   11.8    4.9    0.5   10.3   72.7  188.3  231.3   63.7    3.1    0.0    2.6  614.5   37.1   15.6  556.1    5.8
1942   22.3   39.0    2.6    5.2    8.8   87.0  380.2  293.8  150.6    0.9    0.0   12.2 1002.5   61.3   16.6  911.6   13.1
1943   26.3    2.3    1.7    7.4   16.7   83.3  292.9  174.0  132.4   21.7    0.3    0.1  759.1   28.6   25.8  682.6   22.1
1944   22.3   27.3   35.1   14.7    2.0   79.7  343.5  312.0   74.5   25.7    0.6    2.6  940.0   49.6   51.8  809.8   28.8
1945   31.5    0.0    2.0    7.2    7.9  116.6  313.8  201.9  234.5   13.5    0.1    0.1  928.9   31.5   17.0  866.7   13.7
1946    0.3   11.3    0.9    5.6   12.4  158.1  244.8  300.7   64.4   14.2   42.7   16.2  871.7   11.6   18.9  768.0   73.1
1947   16.9    8.7    6.6   12.5    2.6   32.1  209.8  256.9  265.9   12.4    0.6   10.1  835.0   25.5   21.8  764.6   23.0
1948   32.9   17.9   12.6    1.6    2.7   61.3  262.0  270.1  123.0   15.4   27.7    2.5  829.7   50.8   16.9  716.4   45.5
1949    2.1   19.1    1.7    1.8   11.1   46.1  303.6  160.7  178.9   26.9    1.0    0.8  753.8   21.2   14.6  689.4   28.6
1950   12.7    7.3   15.2    0.4    5.3   30.5  347.8  197.2  199.1    0.8    0.0    7.4  823.7   20.0   20.9  774.7    8.2
1951    9.0    2.9   20.4    6.6   10.4   51.4  161.7  179.1   77.8    9.5   18.9    0.1  547.8   11.9   37.4  469.9   28.6
1952    4.8   12.4    9.6    2.0    3.9  126.7  284.3  248.1   23.5    2.1    0.1    4.6  722.1   17.2   15.5  682.6    6.8
1953   29.5    0.6    0.0    4.5    3.7   72.9  262.5  275.3   85.9    6.8    0.0    2.1  743.8   30.1    8.2  696.5    8.9
1954   17.1   38.7    6.8    0.7    1.1   58.6  254.6  150.5  288.1   38.7    0.3    0.2  855.3   55.8    8.6  751.8   39.2
1955   25.2    2.7    4.4    5.0    5.5  106.0  119.4  322.0  217.0  141.1    0.0    0.5  948.8   27.9   14.9  764.4  141.6
1956   11.9    2.3   14.8    0.9   19.5   81.9  381.5  246.8   85.0  129.1   10.9    4.3  988.9   14.2   35.3  795.2  144.3
1957   36.0    1.0   27.0    6.3    5.6   70.1  230.1  224.1  121.1   16.7    6.0    8.7  752.7   37.0   38.9  645.4   31.4
1958    5.4    1.6    2.9    2.8    1.9   53.2  294.3  230.7  269.3   59.4    8.8    9.0  939.3    7.0    7.6  847.5   77.2
1959   25.4    4.7    2.5    3.8   23.1   57.6  323.0  242.5  192.1   62.1   11.2    0.0  948.1   30.2   29.4  815.3   73.3
1960   14.6    0.0   18.9    2.9    6.0   90.0  244.0  310.2   48.0   63.5    0.0    5.0  803.1   14.6   27.8  692.2   68.6
1961   29.9   17.6    0.9    3.9    7.2   72.4  284.0  309.2  274.2   64.9    5.0    6.4 1075.5   47.5   12.0  939.7   76.3
1962   14.5    9.3   14.0    4.7    4.8   27.0  243.1  185.8  228.6    0.4    6.9   14.0  752.9   23.8   23.4  684.4   21.3
1963    5.7    5.9    8.1    4.5    7.6   64.8  172.1  317.4  167.1   13.9   18.6    4.0  789.7   11.6   20.2  721.4   36.5
1964    2.3    1.1    2.1    0.9   17.3   64.1  317.5  266.3  151.6    2.2    0.3    4.5  830.4    3.4   20.3  799.6    7.1
1965    7.9    7.8    8.4   10.1   10.9   18.3  239.7  146.9   92.9   12.4    2.1    2.6  560.0   15.7   29.4  497.8   17.1
1966    3.8   10.3    3.9    0.6   19.7  104.6  182.6  212.5   88.5    4.7   10.0    3.2  644.6   14.1   24.3  588.2   18.0
1967    0.2    1.5   50.5    1.7    2.6   86.0  247.1  294.8  163.1    5.9    2.4   62.0  917.7    1.6   54.8  790.9   70.3
1968   12.0    9.6   11.5    1.5    1.8   37.1  294.5  202.7   54.8   12.5    0.2    1.8  640.1   21.6   14.8  589.1   14.6
1969    6.5    4.6    5.8    3.6   10.4   33.0  270.2  237.4  161.0    0.4   15.9    0.5  749.2   11.0   19.8  701.6   16.8
1970   22.8   22.1    8.8    0.6   13.0  153.1  149.0  315.3  180.7    7.6    0.2    0.0  873.1   44.9   22.4  798.0    7.8
1971    7.8    9.1    2.5    5.5   32.8  151.3  279.0  231.2  160.8   38.1    2.6    0.1  920.8   16.9   40.7  822.4   40.8
1972    3.5   11.7    3.2    3.6    1.2   65.2  143.4  255.0   55.0    6.1   11.2    2.6  561.6   15.1    8.1  518.5   20.0
1973    6.7   10.6    1.7    0.5   14.7   70.5  290.8  341.7  156.9   28.6    0.3    8.4  931.4   17.3   17.0  859.9   37.3
1974    0.5    2.1    0.9    1.0   20.1   43.3  239.7  208.3   52.9   52.2    0.3    7.9  629.2    2.6   22.0  544.2   60.5
1975    8.7    8.5    6.9    0.5    3.6  123.8  242.3  288.3  225.4   48.6    0.0    0.1  956.7   17.2   11.0  879.8   48.7
1976    9.7   10.2    4.9    4.6   12.3  117.6  256.8  318.1  121.3    1.4   30.1    1.1  888.0   19.9   21.8  813.8   32.5
1977   15.0    3.4    3.0   14.8   23.4  131.8  322.2  217.6  155.4   16.5   17.7    6.8  927.6   18.4   41.3  827.0   40.9
1978    4.4   23.2   26.8    5.4    0.8  146.8  280.6  305.8   95.3    5.2   11.7   14.9  920.9   27.5   33.0  828.5   31.9
1979   23.3   40.4   12.1    3.2   23.2   79.2  183.0  201.9   32.3    7.7   58.1    4.1  668.6   63.8   38.5  496.4   69.9
1980    4.8    5.1   12.9    1.3    3.8  150.4  267.3  231.0   58.2    8.6    2.3   25.6  771.1    9.9   17.9  706.8   36.5
1981   15.2    5.0   17.2    0.6   14.1   87.6  262.8  175.5   92.9   13.1   35.1    6.2  725.3   20.2   31.9  618.8   54.4
1982   28.1    9.0   32.5   21.5   39.7   47.5  194.8  289.6   49.1   11.8   44.8    8.7  777.0   37.1   93.7  581.0   65.3
1983   18.9    5.1    4.9   44.6   29.4   88.1  271.9  291.1  187.4   43.8    0.1    4.2  989.5   24.0   78.9  838.5   48.0
1984   12.2   17.3    1.7    4.0    0.4   75.2  202.3  322.2   88.7    3.9    0.1    0.8  728.7   29.5    6.0  688.4    4.8
1985    8.9    0.9    1.4    8.6    6.8   52.7  251.9  218.8   93.7  104.7    1.2   18.0  767.5    9.8   16.7  617.1  123.9
1986    5.7   32.9    7.5    3.4   21.6  103.8  241.5  165.2   45.4    9.3    2.5    8.7  647.4   38.6   32.5  556.0   20.4
1987   17.6   14.7    5.8    2.2   33.3   50.2   94.8  189.1   46.2   21.8    5.4   11.3  492.4   32.3   41.3  380.3   38.6
1988    3.5    5.4   14.2    5.7    4.4   97.6  319.0  249.4  162.6   18.3    0.4    7.7  888.3    8.8   24.4  828.6   26.4
1989   16.2    1.0   15.3    0.4    3.1   85.5  158.7  244.6   78.7    0.9    2.9    9.0  616.2   17.1   18.8  567.5   12.8
1990    0.9   38.0    7.8    1.8   26.6   96.8  243.6  294.0  204.3   20.2    5.1   14.4  953.7   38.9   36.1  838.8   39.8
1991    1.5   10.6    5.5    8.7    4.4   60.3  210.2  219.2   45.0    0.5    3.3   10.5  579.9   12.1   18.6  534.8   14.3
1992   10.6    8.4    3.4    1.3    9.9   47.0  194.9  264.4  120.2   31.8    7.5    0.1  699.7   19.0   14.6  626.6   39.4
1993    2.7   10.0   14.0    3.2   10.6   91.7  299.6  120.8  191.7   11.0    1.8    1.1  758.2   12.7   27.8  703.8   14.0
1994   21.3   10.0    0.9   11.9    5.0  127.9  344.1  290.7  119.4    5.2    1.3    0.5  938.2   31.2   17.8  882.1    7.0
1995   30.6   13.4   18.0    3.6    3.0   54.2  249.7  282.9  127.8   11.2    0.9    4.3  799.6   44.0   24.6  714.7   16.3
1996   19.5   26.2    6.5    3.3    6.5  107.6  240.4  265.6  126.8   36.1    0.7    0.1  839.3   45.7   16.4  740.3   36.9
1997    6.7    1.8    5.4   20.4   25.6  114.4  223.7  245.7   95.4   52.2   25.5   52.2  869.0    8.5   51.4  679.2  130.0
1998    3.5   12.2   17.3    8.9    7.5   98.7  240.6  221.2  208.5   81.8   11.6    0.1  911.9   15.7   33.7  769.1   93.5
1999   14.7   14.6    0.7    0.0   21.6   95.0  228.3  136.1  190.6   46.0    0.2    0.3  748.1   29.3   22.4  649.9   46.5
2000    8.8   14.1    8.9    2.8   42.7  103.0  285.9  139.0   47.5    2.2    0.3    0.6  655.8   22.9   54.4  575.3    3.2
2001    7.4    3.1    3.6   15.0   34.4  171.5  250.5  150.6   24.1   29.5    0.7    1.3  691.7   10.5   53.1  596.6   31.5
2002    6.9   22.0    4.1    3.7   23.8   99.6   38.0  219.6  125.5    5.0    2.0    4.8  554.9   28.9   31.6  482.6   11.8
2003    9.9   34.8    4.2    2.9    4.0   98.5  324.1  181.6  173.2    2.2    0.9    6.7  843.2   44.7   11.2  777.4    9.8
2004   18.4    1.6    0.2   10.3   28.3   93.4  145.3  301.5   42.5   42.3    1.7    0.6  686.2   20.0   38.8  582.7   44.6
2005   13.2   16.4   16.4    6.4    8.7  111.9  299.3  121.6  195.4    3.1    1.0    0.9  794.3   29.6   31.5  728.2    5.0
2006    1.6    0.5   30.9    3.3   27.8   88.6  272.0  278.1  117.1   10.6    3.6    2.4  836.4    2.1   62.0  755.7   16.6
