SOUTH PENINSULAR INDIA MONTHLY, SEASONAL AND ANNUAL RAINFALL SERIES FOR THE PERIOD 1813-2006. THE RAINFALL FIGURES ARE IN MM.
YEAR      J      F      M      A      M      J     JU      A      S      O      N      D    ANN     JF    MAM   JJAS    OND
1813    4.0    6.7   22.2   50.0  106.5  308.8  232.6  127.8  126.3  160.8  290.8   44.8 1481.5   10.8  178.7  795.6  496.4
1814    4.4    6.1   14.2   44.9   90.4  225.5  224.2  207.2  233.5  160.6   83.1   37.3 1331.3   10.5  149.5  890.3  280.9
1815   19.8    6.5   15.6   49.2   99.0  225.3  394.5  116.4  125.6  172.5  334.9   51.6 1610.9   26.3  163.8  861.8  559.0
1816    4.2   12.2   13.8   43.7   91.6  219.2  322.7  201.0  228.5  152.3  125.8   19.9 1434.9   16.5  149.1  971.3  298.0
1817    7.3    6.5   15.3   48.4  101.6  247.0  242.0  190.8  235.8  302.1  242.6   61.0 1700.5   13.8  165.4  915.5  605.8
1818    3.7    6.2   14.2   56.8   90.4  215.1  516.4  217.2  155.7  267.9  238.5   68.9 1851.0    9.8  161.4 1104.4  575.3
1819    3.5    5.8   13.2   88.5   83.9  216.4  268.4  116.8  338.9  116.8  111.2   14.2 1377.8    9.3  185.6  940.6  242.3
1820    3.6    6.0  104.4   54.7  414.5  224.2  287.7  159.5   95.4  210.2   63.0  153.8 1777.0    9.6  573.6  766.9  427.0
1821   36.3    6.1   19.0   80.8   93.1  259.9  219.5  177.6  220.8  224.4  124.5   43.5 1505.6   42.4  192.9  877.9  392.4
1822   25.7    6.4   15.3   61.5   97.3  284.7  202.8  269.8  127.3  310.7  215.7   36.5 1653.6   32.1  174.1  884.5  562.9
1823   16.3    6.0   27.3   46.0   97.8  261.6  261.2  164.8  151.3  184.4   35.4   10.4 1262.5   22.3  171.2  838.9  230.2
1824   16.6    6.7   16.0   50.5  102.7  264.3  199.0  177.8   90.0  255.4  124.3   43.5 1346.7   23.3  169.1  731.1  423.2
1825    5.2    6.2   14.2   44.8  170.4  252.4  270.3  266.0  135.6  261.9  119.2   65.2 1611.5   11.4  229.3  924.4  446.3
1826    3.6    6.1   14.1   44.4  109.0  380.9  235.6  306.3  112.6  105.5  251.1   97.6 1666.9    9.7  167.5 1035.5  454.2
1827   76.9    6.4   13.4   42.4  502.1  270.0  316.6  139.4  145.6  222.5  205.7   54.1 1995.0   83.2  557.9  871.6  482.3
1828   17.1    5.7   75.3   61.3  101.5  212.2  266.1  244.5  168.2  170.1   47.7   26.3 1396.1   22.8  238.1  891.0  244.1
1829    5.4   32.1   25.3   44.3  113.3  306.2  230.8  182.8  117.4  179.4   83.2   63.9 1384.0   37.5  182.8  837.2  326.5
1830    1.9    6.2   18.4   81.1  142.7  304.9  308.8  169.9  102.2  233.2   60.3   47.6 1477.1    8.1  242.2  885.7  341.0
1831    2.0   13.8   18.4   55.4   96.8  252.8  208.1  248.8  251.7  181.6  126.5   21.9 1477.7   15.8  170.5  961.3  330.1
1832    2.0    4.5   21.6   43.1   99.3  230.3  234.9  111.1  255.0  122.2   24.6    5.9 1154.6    6.5  164.0  831.4  152.8
1833    3.1    3.8    8.0   64.6  123.1  252.8  206.2  254.9  144.4  183.5  108.6   33.7 1386.9    7.0  195.7  858.4  325.8
1834    4.0    5.9   13.2  108.7   87.3  245.3  368.2  168.9  145.6  152.5   89.2   20.5 1409.3    9.9  209.2  928.0  262.3
1835    3.2    4.6   15.0  112.7  148.6  236.1  339.9  158.5  203.6  181.6  109.6   18.7 1532.1    7.8  276.4  938.1  309.9
1836    4.9    8.4   18.5   47.1  107.2  239.5  302.6  261.4  108.2  182.7  173.5   28.5 1482.5   13.3  172.8  911.7  384.7
1837    2.3    3.1   12.7   41.4  132.4  217.4  203.9  187.3  116.1  199.0  303.4   45.6 1464.6    5.5  186.5  724.7  548.0
1838    1.4    8.1   25.1   50.6   36.8  234.7  152.5  156.8  154.8  115.5  149.8   27.5 1113.6    9.5  112.4  698.8  292.9
1839   24.2    4.2   16.0   46.9  120.3  263.2  286.9  216.5  155.8  132.4  148.3   19.6 1434.4   28.4  183.2  922.5  300.3
1840    0.0    0.8   18.6   33.8   92.0  238.9  242.5  147.2  128.1  167.1  182.9    5.0 1257.0    0.8  144.4  756.7  355.1
1841   12.5    0.9   19.7   48.9  137.5  279.9  192.6  245.0  215.5  338.7   95.9   15.4 1602.5   13.4  206.1  933.0  450.0
1842   31.9    4.3    7.7   30.5  162.8  280.0  190.5  190.6  207.6  132.8   90.9    4.4 1334.1   36.3  201.0  868.8  228.1
1843   68.1    0.1   21.0   62.8  258.7  306.5  213.2   92.6  142.9  227.1   28.6  134.6 1556.3   68.2  342.5  755.3  390.3
1844    4.6    4.6    9.4   30.2  153.1  250.6  228.2  138.3  136.9  207.7   45.6  205.8 1415.1    9.2  192.8  754.1  459.1
1845   38.4    3.0   59.0   54.6  101.7  301.0  162.1  111.5  146.1  145.5   51.2   97.2 1271.3   41.5  215.2  720.7  293.9
1846    8.9    5.2    7.8   34.2  182.2  310.0  307.6  164.1   99.2  337.9  122.0   55.6 1634.7   14.1  224.1  881.0  515.5
1847    6.4   57.1   13.9  100.0  190.6  224.8  288.4  168.9   94.7  265.5  206.8  147.0 1764.1   63.4  304.5  776.8  619.2
1848    0.6    3.1    5.7  110.8  162.8  186.4  296.7  197.7  203.8  144.3  100.3   33.0 1445.2    3.7  279.2  884.6  277.7
1849   31.5    0.9    9.8  102.0  124.4  231.6  256.7  292.4   94.4  186.9   90.9   40.0 1461.6   32.4  236.3  875.1  317.8
1850    2.2   48.6    3.3  102.4   73.8  253.6  253.7  294.0  156.3  233.7  108.8   36.9 1567.3   50.8  179.5  957.6  379.4
1851    0.1    0.3    3.3   50.7  230.4  232.7  350.7  138.0  118.5  140.1  225.4   31.8 1522.0    0.4  284.4  840.0  397.2
1852    5.4    4.3   35.5   41.2  279.0  269.4  449.1  196.3  213.2  243.1  160.7   92.4 1989.5    9.8  355.6 1128.0  496.2
1853   52.1    2.7  112.3   68.0  110.5  346.0  232.2  155.6  117.7  165.3   90.1    1.2 1453.7   54.8  290.9  851.4  256.6
1854    3.3    2.4   10.7   31.3   72.7  220.7  253.9  209.6  104.9  249.5  133.0   24.8 1316.7    5.6  114.7  789.0  407.4
1855   11.3   31.4   12.7   29.7   52.6  251.8  143.4  161.6  127.6  192.4   17.0   77.5 1109.0   42.7   95.0  684.4  286.9
1856    1.9    2.9   14.1  104.2  324.2  233.1  255.0  293.6   76.9  185.0   97.1   62.1 1650.1    4.9  442.4  858.6  344.2
1857    5.6    0.9   15.2   46.6  304.4  249.5  163.5  144.5   93.3  315.0   94.6   10.6 1443.8    6.5  366.3  650.8  420.3
1858    1.5    0.8    8.9   54.5  352.1  154.8  235.9   77.8  153.9  389.8  148.1    9.0 1587.0    2.2  415.5  622.4  546.9
1859    7.4    3.2   19.7  177.6   60.6  290.7  314.6  203.2  169.2  139.1  196.6   10.5 1592.7   10.6  258.0  977.8  346.2
1860    0.6    3.3   17.9   26.9   85.0  200.6  170.9  214.0  129.4  202.8   20.5   29.7 1101.6    3.9  129.9  714.9  253.0
1861    3.4    1.1   54.6   80.2  121.3  324.9  280.9  268.7  131.4   48.5  144.2    1.2 1460.4    4.5  256.1 1005.9  193.9
1862   13.1   27.3   16.3   43.2   69.2  267.6  174.3  304.8  233.7  249.0  118.0   48.0 1564.6   40.4  128.7  980.4  415.0
1863    4.0    4.3   67.9  112.0  112.2  293.9  305.5  219.8   96.0  231.3   79.7   86.1 1612.8    8.4  292.1  915.2  397.0
1864    1.0    1.6    2.2   55.0   89.9  335.3  311.4  190.6  100.5  174.8   91.5   30.6 1384.4    2.6  147.0  937.8  297.0
1865    2.1    3.7    6.0   90.6  160.4  236.8  319.9  209.3   75.3  144.4  111.1   33.2 1392.8    5.7  257.0  841.3  288.8
1866    7.8    5.9    2.7   26.9   49.3  211.9  258.9  137.5  104.7  240.5   81.2  109.7 1237.0   13.6   78.9  713.1  431.4
1867    2.5    4.6   22.6   37.7  115.8  219.7  237.9  177.7  110.7  178.0   35.8    7.2 1150.4    7.0  176.2  746.0  221.1
1868   45.7    4.0    7.5   34.8   89.6  444.0  217.5  112.9  106.7  152.6   61.0    6.0 1282.3   49.6  132.0  881.0  219.6
1869    5.1    5.7   11.6   52.1   69.1  266.1  293.3  161.9  221.8  151.4  161.6   68.4 1468.3   10.9  132.8  943.1  381.5
1870   30.3    2.1   22.0   24.4   68.0  281.6  247.7  198.1  178.6  320.1   94.8   29.8 1497.3   32.4  114.3  906.0  444.7
1871   72.3   12.8   36.7   63.8  113.1  300.6  339.5  126.2  165.3  132.6  201.2   13.9 1577.9   85.1  213.5  931.6  347.6
1872    0.6    7.0    4.5   50.2  133.6  285.2  313.0  203.4  201.0  140.1  179.9   63.8 1582.4    7.6  188.3 1002.6  383.8
1873    0.3   60.4    3.3   81.4  115.9  277.5  279.6  144.7  117.4  241.1   50.3   24.7 1396.6   60.7  200.6  819.1  316.2
1874    0.0   10.3    2.7   37.5  284.5  374.9  322.5  157.8  234.7  230.7   91.8   31.8 1779.3   10.3  324.7 1089.9  354.4
1875    2.2    1.6   20.3   48.1   76.8  308.2  262.6  182.4   99.7  144.0   53.7   22.7 1222.2    3.8  145.1  852.9  220.4
1876    0.3    0.1   25.2   31.0   70.3  225.7  315.1  148.1   78.7   35.2   43.8   15.1  988.7    0.4  126.5  767.7   94.2
1877    0.4    1.7   20.4   40.7  104.7  318.1  109.7  217.2  241.7  324.3  125.5   97.9 1602.4    2.1  165.8  886.7  547.8
1878    6.9    0.0    9.6   70.9  113.8  336.4  249.7  392.0  292.7  167.6   82.3   31.0 1752.8    6.9  194.3 1270.8  280.8
1879   10.9    8.7   45.4   24.6  266.7  217.5  290.9  216.2  113.6  203.0   83.0   30.9 1511.4   19.6  336.7  838.2  316.9
1880    6.5    9.4    9.3   66.6  137.5  268.4  263.1  138.8  108.3  189.2  243.2   53.1 1493.4   15.9  213.3  778.7  485.5
1881    6.4    0.3   17.4   14.2   95.4  137.4  139.2  284.1  158.7   77.1  168.4   42.1 1140.6    6.7  127.0  719.4  287.5
1882   32.5    1.1    5.3   27.5  176.9  351.9  461.5  202.9  147.0  186.9  214.5   20.2 1828.1   33.6  209.7 1163.3  421.6
1883    2.2   11.1   23.3   44.6  127.6  268.6  333.7  228.3   76.6  281.6  145.1   65.6 1608.3   13.3  195.4  907.3  492.3
1884    6.7    0.2    7.9   21.8   73.6  183.3  177.3  238.3  147.5  252.8  208.9  115.6 1433.8    6.8  103.3  746.3  577.3
1885    1.3    1.0   15.2   17.4   74.0  368.3  307.8  163.9  119.1  246.8  142.8  101.0 1558.6    2.3  106.6  959.1  490.6
1886    5.8    0.6    8.1   24.7  217.1  251.6  315.5  165.1  150.8  188.5  102.0   22.1 1451.7    6.4  249.9  882.9  312.6
1887    0.0    2.2   15.7   54.9   75.6  370.7  228.6  134.3  132.5  294.3  172.9   90.4 1572.2    2.3  146.2  866.1  557.5
1888    2.4    2.2    1.9   41.4  172.9  380.0  233.5  206.6  121.3  164.3  188.0   55.3 1569.9    4.6  216.3  941.4  407.6
1889    3.5    1.7   11.5   68.6   96.2  328.9  254.5  237.4  268.8  205.1   56.8   57.8 1590.8    5.3  176.3 1089.6  319.7
1890    4.1    7.8   25.2   89.8   97.7  259.7  266.3  147.4  104.0  170.1   93.8   20.6 1286.7   11.9  212.8  777.4  284.6
1891    5.7   26.8   24.6   56.0   94.2  258.2  238.7  131.0   70.4  296.3   79.2   63.5 1344.6   32.5  174.8  698.4  438.9
1892    0.7   10.2   12.6  101.9  136.7  200.4  412.2  302.8  112.1  229.8   40.3   21.5 1581.2   10.9  251.2 1027.5  291.5
1893    8.0   16.6   56.1   45.3  150.4  304.2  224.7  125.2  102.3  203.1  245.8    9.0 1490.5   24.6  251.8  756.3  457.9
1894    8.0   12.5   49.5   75.0   78.6  213.3  219.9  231.4  112.6  200.9   84.2   19.5 1305.4   20.5  203.1  777.1  304.6
1895    0.8    0.6    6.3   96.3   68.6  252.8  273.0  179.5  131.3  254.0   76.9   66.8 1407.0    1.4  171.2  836.6  397.8
1896    5.9    0.1    8.9   28.1  111.4  354.0  262.7  253.0  121.3  109.2  208.0   95.7 1558.1    6.0  148.3  990.9  412.9
1897    4.4   37.0    7.8   53.8   91.0  353.3  318.0  304.9  273.2  125.4   70.2   16.3 1655.2   41.3  152.6 1249.3  211.8
1898    7.7   13.0    3.7   57.2   99.6  263.3  253.9  115.3  235.7  226.5  231.1   62.4 1569.4   20.7  160.4  868.3  520.0
1899    3.5   13.9    6.6  175.0   97.6  261.6  106.0   86.3  138.8  226.9   30.1   13.7 1160.0   17.4  279.2  592.7  270.7
1900    8.8    1.4    2.1  108.3   61.3  307.2  311.7  209.9  161.3  167.8   66.9   38.4 1445.1   10.2  171.7  990.1  273.1
1901   17.5   39.9   20.3   57.8   92.4  300.3  244.8  154.3  159.7  165.3  220.8   70.0 1543.2   57.4  170.5  859.1  456.2
1902   27.7    4.4   25.9   38.1   88.8  186.4  403.6  160.4  231.1  291.8  125.3  126.7 1710.2   32.2  152.7  981.4  543.8
1903   14.3    7.3    0.8   33.1  172.9  240.3  376.6  209.9  242.7  202.0  200.2  113.2 1813.3   21.6  206.8 1069.5  515.4
1904   22.5    0.8   12.7   36.7  150.3  375.3  286.2  113.1  116.1  179.0   15.8   23.0 1331.5   23.3  199.8  890.7  217.7
1905    4.1    8.8    9.9   48.6  119.5  280.6  187.8  178.4   96.2  268.3   76.7    1.8 1280.7   12.9  177.9  743.0  346.8
1906   42.0   10.7   11.8   15.3   68.1  191.6  352.5  267.4  112.5  176.9  119.8  111.6 1480.0   52.7   95.1  924.0  408.3
1907    8.9    1.1   21.2   95.9   55.1  294.7  291.1  311.7  157.9  151.2  174.8   48.2 1611.7   10.0  172.2 1055.4  374.2
1908   12.0   16.4   21.1   49.8   80.4  225.1  378.0  171.6  162.1  215.4   40.9   10.9 1383.9   28.5  151.3  936.9  267.2
1909   79.6    8.0   20.2   69.3  251.8  260.6  315.7  239.3  157.0  136.2   78.3   15.5 1631.4   87.6  341.3  972.5  230.0
1910    3.8   12.8    8.7   54.2   72.0  279.4  271.6  251.3  145.0  280.5  169.1    0.4 1548.8   16.6  134.9  947.3  450.0
1911    1.6    1.9   12.4   36.6  114.2  325.3  267.1  101.6   97.1  192.8  134.3   85.8 1370.7    3.5  163.2  791.1  412.8
1912    5.0    5.4    6.5   49.7   91.9  344.4  308.1  241.1  151.0  327.0  176.7   16.3 1723.1   10.4  148.2 1044.5  520.0
1913    1.9    5.4    5.7   30.3  114.4  203.0  290.6  101.4  148.5  271.2  111.7   75.9 1359.9    7.3  150.4  743.4  458.8
1914    2.5    1.9    6.0   29.0   84.7  230.8  338.5  226.3  162.2  253.1  111.6   97.9 1544.6    4.5  119.8  957.8  462.6
1915   35.5   10.9   38.2   55.7   90.5  290.3  344.2  141.7  236.3  117.5  246.6   29.0 1636.4   46.4  184.4 1012.5  393.1
1916    0.0    3.6    5.2   36.7  126.1  312.6  290.2  215.7  203.2  244.7  148.8   24.3 1611.1    3.7  168.0 1021.6  417.8
1917    4.3   33.9   36.8   17.8   82.9  310.0  175.3  232.7  263.7  195.7  158.1   33.1 1544.5   38.3  137.5  981.7  387.0
1918   56.9    5.3   18.7   25.9  282.3  189.7   86.1  150.9   83.1   89.4  292.3   61.1 1341.7   62.2  326.9  509.8  442.8
1919   23.0    4.1   16.4   33.0  140.5  238.7  298.0  184.5  218.0  154.6  249.8   78.3 1639.0   27.1  189.9  939.2  482.7
1920   71.0    1.6    8.2   87.5   52.8  380.6  299.7  134.7  157.8  225.7  272.7    3.6 1696.0   72.6  148.5  972.9  502.0
1921   74.2    1.7    5.8   93.6   59.3  204.1  294.7  296.4  114.7  245.7   95.3   27.7 1513.0   75.8  158.6  909.9  368.8
1922   27.3   13.4   10.2   44.4  159.8  288.0  389.2  158.0  109.1  220.7  278.0   29.2 1727.4   40.7  214.4  944.4  527.9
1923   63.6    0.7   44.2   26.5   59.2  252.2  369.6  304.6  177.5  185.1   47.6   64.9 1595.6   64.3  129.9 1103.8  297.6
1924   16.2    1.9   31.0   56.9  104.0  354.5  520.8  238.8  200.6  106.3  147.8   32.6 1811.2   18.1  191.8 1314.7  286.7
1925    9.2    5.6   45.0   54.2  155.7  266.1  252.6  244.8  105.4  171.6  206.1  120.8 1637.3   14.8  254.9  869.0  498.6
1926   43.5    2.5   19.0   32.6  107.9  237.2  315.9  210.8  184.3  155.5   87.5   14.2 1410.7   46.0  159.4  948.2  257.1
1927   11.9   20.6   24.9   41.3  133.5  276.6  327.8  135.3  215.5   80.0  139.2   16.2 1422.7   32.5  199.7  955.2  235.3
1928   14.7   52.3   21.0   56.3   59.2  228.4  218.9  239.5   69.3  264.2  111.6   54.6 1390.1   67.0  136.5  756.1  430.5
1929   14.7   30.7   17.2  124.1   84.6  379.5  288.9  128.1  194.0  210.4  148.5   51.1 1671.8   45.4  225.9  990.5  410.0
1930   25.9   26.1   24.3   37.4  241.3  252.5  158.0  123.6  199.8  382.3  159.2   55.8 1686.4   52.0  303.1  733.9  597.4
1931   10.8    0.3    3.7   62.1   90.8  225.2  278.1  375.8  148.6  111.2  149.4  170.3 1626.2   11.0  156.6 1027.7  430.9
1932    0.6   21.6   12.4   49.7  273.5  154.6  249.8  234.8  153.7  323.0  200.1   40.5 1714.1   22.2  335.6  792.8  563.5
1933    0.8    3.8   34.2   69.5  327.2  298.0  297.5  256.4  194.9  260.3   77.0   78.4 1898.0    4.6  430.9 1046.8  415.7
1934   56.5    1.5   12.8   50.7   65.9  343.6  179.2  152.1   43.8  270.0   86.9    9.8 1272.7   58.1  129.3  718.6  366.7
1935   24.6    3.3   11.8   62.1   34.5  205.2  266.7  218.2  131.9  247.7   91.0   36.3 1333.4   27.9  108.5  822.0  375.0
1936    1.2   26.9   58.0   26.1  199.8  284.2  282.2  150.0  189.1  128.8  200.9   28.0 1575.2   28.1  284.0  905.4  357.7
1937    6.2   12.5   26.6  119.0   76.7  200.0  393.6  147.3  118.7  236.8  165.5   23.6 1526.4   18.7  222.3  859.6  425.9
1938    0.2   41.9   31.8   66.0   81.7  255.4  280.4  214.0  179.9   97.5   40.2   26.2 1315.2   42.1  179.5  929.7  163.9
1939   20.3    2.9   17.7  136.4   73.4  266.1  261.5  187.6  117.1  253.6  232.2    5.7 1574.5   23.2  227.5  832.3  491.5
1940    0.5    0.5    5.6   72.3  149.4  276.5  335.9  276.5  104.9  208.8  272.7   48.9 1752.5    1.0  227.3  993.8  530.4
1941   14.2    3.9    2.9   63.8  180.8  293.7  192.0  192.2  185.4  171.9  161.8   95.4 1557.8   18.0  247.5  863.1  429.1
1942    0.1    2.9    8.3   82.5  113.9  327.2  294.3  177.5  110.8  189.2   64.6  121.2 1492.5    3.0  204.6  909.8  375.0
1943   69.6   12.5   17.0   66.5  301.0  312.8  289.7  112.8  155.3  361.7  146.5   27.4 1873.0   82.2  384.4  870.7  535.6
1944   13.0   27.7   66.5   32.7   98.6  242.9  274.7  137.6  132.8  209.9  213.9   77.1 1527.4   40.7  197.9  787.9  500.9
1945    3.7    6.6    4.0   64.4   58.4  226.1  330.0  179.1   95.9  143.4  161.8   12.4 1286.0   10.4  126.8  831.1  317.7
1946    7.3    1.0   60.0   71.9   83.7  341.1  260.6  292.2  173.3  183.2  292.0  209.5 1975.9    8.4  215.7 1067.2  684.7
1947   37.9   17.4   42.4   80.8   54.7  235.4  295.4  324.2  213.6  155.7   24.0   24.3 1505.7   55.2  177.9 1068.6  204.0
1948   29.2    4.0   25.6   56.4  122.3  342.2  263.1  230.2  104.0  137.2  198.6   20.8 1533.7   33.2  204.4  939.5  356.6
1949    3.5    1.2    1.9   60.1  207.6  235.0  342.2  241.5  184.5  155.8   68.2    1.9 1503.5    4.7  269.7 1003.2  225.8
1950    0.7   42.7   14.2   24.4  119.1  231.0  349.7  210.7  209.0  175.2  120.3   18.0 1515.0   43.4  157.8 1000.4  313.5
1951    5.5    1.0   25.9  106.9  108.5  302.6  264.6  112.7  180.7  148.9  163.7    9.1 1430.1    6.5  241.3  860.6  321.7
1952    6.9   31.7    8.9   47.4  145.2  230.9  199.4  188.9   46.8  194.3   27.3  115.0 1242.8   38.6  201.6  666.1  336.6
1953   10.9    9.4    7.5   95.6   46.1  180.1  462.9  140.8  130.1  353.5   65.6    8.9 1511.4   20.3  149.1  914.0  428.1
1954   33.6    2.8   53.3   77.4  140.4  275.9  316.3  244.1  103.0  249.8   16.9   81.3 1594.9   36.4  271.1  939.4  348.0
1955   15.2    5.0   17.5   89.0  279.7  296.3  181.8  154.9  245.2  250.3  107.6   76.7 1719.3   20.3  386.1  878.2  434.7
1956   11.8    4.8    3.8   83.3  161.3  309.2  209.4  158.7  147.2  304.8  175.8   30.4 1600.5   16.6  248.4  824.5  510.9
1957    1.1    9.1   16.5   33.3  203.6  341.9  303.8  165.9   62.0  214.6  171.5   37.1 1560.3   10.2  253.3  873.6  423.1
1958    7.6   13.4   27.1   70.4  198.5  296.1  216.7  259.1   99.7  176.9  149.6   15.4 1530.5   21.0  296.0  871.6  341.9
1959    1.6   20.6    2.7   70.8  166.0  325.5  387.6  186.0  207.2  152.1  128.9   32.9 1681.8   22.2  239.5 1106.2  313.8
1960    6.7    5.2   21.1   77.3  226.4  198.7  324.9  146.3  229.2  156.3  292.2   16.8 1701.1   11.9  324.8  899.1  465.3
1961   33.4   16.9    5.8   50.9  224.6  389.6  462.0  300.1  203.5  202.5   84.0   22.5 1995.9   50.3  281.4 1355.1  309.1
1962   12.9   24.6   14.4   64.5  237.7  134.1  334.5  271.2  203.1  326.4   41.9   63.5 1728.9   37.5  316.7  943.0  431.8
1963   39.5    8.2   32.3   60.8   76.8  185.7  295.7  265.4  148.4  189.1  114.2   73.1 1489.2   47.8  169.9  895.1  376.5
1964    1.1    1.7   24.5   30.2   74.6  172.2  358.7  249.2  217.8  212.9  166.8   31.3 1541.0    2.8  129.3  997.8  411.0
1965    5.8    4.4    8.3   53.5   83.3  222.9  201.9  206.1  110.9   99.2  100.0  153.9 1250.0   10.2  145.1  741.7  353.0
1966    8.5    4.2   13.7   43.0   86.5  215.8  237.5  149.1  222.8  280.0  236.2   68.6 1566.0   12.7  143.2  825.3  584.7
1967   23.3    0.2   22.0   25.5  127.9  255.3  349.6  228.5   99.0  165.5   89.7   91.6 1478.3   23.5  175.4  932.5  346.9
1968    2.8   13.9   39.6   93.3   55.8  267.3  445.2  148.1  190.7  136.0   99.4   43.6 1535.8   16.7  188.8 1051.3  279.1
1969    2.7    4.4    6.4   57.1  113.3  212.7  314.4  187.2  112.3  257.2  138.7   79.5 1485.8    7.1  176.8  826.6  475.4
1970    9.5    8.0   15.6   75.3  154.6  233.0  258.5  273.8  146.7  214.5  131.2    7.0 1527.8   17.6  245.5  912.0  352.6
1971   20.2   10.0   22.6   60.9  170.1  325.1  265.4  220.8  199.0  181.7   47.3   83.7 1606.8   30.1  253.7 1010.2  312.7
1972    2.8    2.8    0.7   33.7  242.2  199.3  269.9  132.5  170.4  266.2  102.2  133.2 1555.8    5.5  276.6  772.2  501.5
1973    0.6    0.2    3.2   47.8   81.3  258.7  268.3  260.3  117.7  217.6   68.7   65.6 1389.9    0.8  132.3  905.0  351.9
1974    2.0   10.8    8.7   67.5  154.4  136.0  401.1  211.1  272.3  148.8   51.7    9.1 1473.5   12.7  230.6 1020.5  209.6
1975    2.9    9.7   42.0   57.0  104.4  367.8  301.9  319.5  244.9  245.7  156.9   23.2 1875.9   12.6  203.4 1234.1  425.7
1976    0.8    0.0   13.6   80.5   59.2  127.7  269.2  218.9   89.0  173.4  246.7   25.7 1304.6    0.8  153.2  704.7  445.8
1977    0.9   10.6   20.8   67.6  186.4  263.9  313.6  170.9  148.2  342.7  289.5   11.6 1826.9   11.5  274.9  896.7  643.8
1978    4.7   16.9    9.6   49.1  177.7  301.2  314.4  220.0  168.6  137.7  250.1  107.2 1757.2   21.5  236.5 1004.2  495.0
1979    1.2   32.9    9.7   37.2   78.1  280.0  255.7  180.1  212.4  150.6  298.3   35.4 1571.7   34.1  125.0  928.3  484.3
1980    0.4    2.0    9.2   70.9   74.5  297.9  295.6  198.6  124.3  166.2  158.0   48.4 1445.8    2.4  154.5  916.3  372.6
1981   13.0    4.4   27.5   47.2  122.4  366.3  243.2  266.8  264.5  234.7  105.1   40.6 1735.6   17.4  197.1 1140.8  380.4
1982    0.2    0.0   13.1   34.1  105.3  280.4  231.7  229.4   85.6  129.9  155.4   22.1 1287.2    0.3  152.5  827.1  307.3
1983    0.3    0.0    2.0   12.3   80.4  180.3  277.9  318.0  289.1  126.7   88.2  156.2 1531.5    0.3   94.8 1065.4  371.1
1984   29.8  101.2   90.0   92.9   52.8  259.3  287.2  122.7  151.8  175.3   94.9   46.3 1504.3  131.0  235.8  821.0  316.6
1985   47.7    6.6   18.6   44.3  109.1  325.5  179.2  194.4  128.6  132.7  156.0   36.5 1379.0   54.2  172.0  827.7  325.1
1986   36.2   23.1   18.2   31.6   64.5  257.9  156.2  207.4  174.5  142.6  138.8   28.3 1279.2   59.3  114.3  796.0  309.6
1987    4.4    0.3   12.6   32.1   63.6  264.8  116.5  229.7  128.6  245.1  156.4  117.5 1371.7    4.7  108.3  739.6  519.1
1988    0.1    6.6   25.0   97.9   85.5  247.9  299.6  272.5  269.3   63.8   84.8   30.6 1483.6    6.7  208.4 1089.2  179.2
1989    4.3    0.0   19.8   44.0   86.1  290.6  310.5  164.1  181.1  169.5  100.6   23.5 1394.2    4.3  149.9  946.4  293.6
1990   26.5    2.3   16.2   22.2  231.3  191.6  243.9  177.4  117.7  228.6  138.5   18.3 1414.7   28.8  269.8  730.6  385.4
1991   11.1    3.5   14.7   47.3   78.7  473.1  321.1  233.4  102.7  251.1  146.3   12.9 1696.0   14.6  140.7 1130.3  410.3
1992    2.3    0.1    0.1   33.1  113.9  326.5  306.6  236.1  181.3  166.5  254.4   23.4 1644.3    2.3  147.1 1050.5  444.3
1993    0.0    5.9   11.5   32.0   88.1  264.4  327.5  156.8  107.2  307.9  206.1  117.3 1624.6    5.9  131.6  855.9  631.3
1994   19.2   16.8    9.0   77.7   87.4  307.5  373.5  216.3  111.3  301.7  138.4   26.2 1685.0   36.0  174.1 1008.6  466.3
1995   21.7    3.1   21.0   56.2  197.5  226.9  298.8  220.5  156.6  153.5  104.2    1.2 1461.1   24.8  274.7  902.7  258.9
1996    5.2    3.9    7.2   82.6   44.9  345.8  279.6  205.1  233.3  219.1   83.3  140.9 1650.7    9.1  134.6 1063.7  443.3
1997    7.0    0.1   22.1   44.4   69.9  255.7  371.9  237.0  178.3  225.2  259.6  108.1 1779.4    7.2  136.4 1042.9  592.9
1998    6.5    1.9    5.9   33.4   98.2  285.6  264.7  220.1  262.2  224.2  146.0  106.4 1655.2    8.4  137.5 1032.6  476.7
1999    4.9   13.6    8.4   66.8  208.1  236.7  277.2  129.7  103.9  329.5  125.6   25.6 1530.0   18.6  283.2  747.5  480.6
2000   18.3   49.4    7.6   52.1   98.1  256.4  183.7  269.9  163.5  157.4   99.1   60.9 1416.2   67.7  157.8  873.4  317.3
2001   14.4    9.6    3.7  125.9  110.9  238.9  230.5  165.7  177.1  224.8  102.7   46.9 1451.0   24.0  240.5  812.1  374.4
2002   11.4   32.3    8.4   40.6  161.5  229.6  130.6  198.2   85.6  310.1  118.7   16.8 1343.8   43.7  210.5  644.0  445.6
2003    0.7   17.8   36.6   59.5   52.1  252.2  262.1  199.8   77.4  242.4   81.2   16.0 1297.8   18.6  148.2  791.5  339.6
2004    5.3    4.4   11.6   63.1  346.6  253.3  205.7  178.4  194.7  254.7  123.3   10.2 1651.3    9.7  421.3  832.1  388.2
2005   13.0    3.6   11.1  111.9   84.7  247.0  307.2  164.6  177.5  309.6  226.3   73.9 1730.4   16.6  207.7  896.3  609.8
2006   11.4    0.7   52.4   32.9  219.8  266.8  214.5  190.8  214.2  249.7  168.1   13.9 1635.3   12.1  305.2  886.3  431.7
