WEST PENINSIULAR INDIA MONTHLY, SEASONAL AND ANNUAL RAINFALL SERIES FOR THE PERIOD 1817-2006. THE RAINFALL FIGURES ARE IN MM.
Blank spaces indicate data not available.
YEAR      J      F      M      A      M      J     JU      A      S      O      N      D    ANN     JF   MAM    JJAS    OND
1817                                     372.2  305.1  178.2  312.7   41.9                                    1168.2
1818                                     221.6  248.1  327.4  174.7   68.4                                     971.8
1819                                     185.0  344.3  260.1  172.9   41.9                                     962.4
1820                                     201.9  323.2  254.7  178.1   41.9                                     957.9
1821                                     177.0  263.5  322.5  237.0   41.9                                    1000.0
1822                                     266.3  314.3  378.5  278.2   41.9                                    1237.3
1823                                     217.5  236.5  255.1  123.6   41.9                                     832.6
1824                                     107.4  168.4  221.2   94.6   41.9                                     591.5
1825                                     237.1  305.2  202.7  172.1   41.9                                     917.1
1826    2.1    2.6    2.9    4.6   61.6  166.8  282.3  130.0  216.3   50.2   39.9    9.7  969.1    4.8   69.1  795.5   99.8
1827   85.5    2.7   12.1    4.5    5.8  397.9  185.9  171.7  172.5   90.3   11.5    3.3 1143.8   88.2   22.4  928.0  105.1
1828    2.0    2.4    2.7    4.2   34.8  174.0  387.7  188.5  227.7  107.9   31.3    2.0 1165.3    4.4   41.7  978.0  141.3
1829    2.2    2.7    3.0    4.7   51.6  225.5  232.8  175.2   93.7   44.1    6.4   27.3  869.0    4.8   59.2  727.3   77.8
1830    2.1    2.5    3.0   19.7   19.1  187.4  290.0  146.1  106.3   63.1    8.1    3.2  850.7    4.6   41.8  729.8   74.5
1831                                     220.6  315.5  322.4  276.5   69.4                                    1135.0
1832                                     175.6  467.0  133.2  150.8   50.5                                     926.7
1833                                     161.4  270.4  197.8  279.0   44.5                                     908.7
1834                                     171.8  272.4  237.6  190.0   93.3                                     871.8
1835                                     142.5  147.8  366.9  179.3   47.4                                     836.6
1836    2.1    2.8    5.9    9.5   22.5  199.6  254.9  336.8  116.7   52.0   65.6    4.3 1072.6    4.9   37.9  908.0  121.8
1837                                     163.3  289.9  273.6  128.9   41.9                                     855.7
1838                                     267.2  190.3  155.2  132.4   41.9                                     745.1
1839                                     200.2  351.8  247.6  128.6   41.9                                     928.1
1840                                     242.1  300.7  129.5  154.9   69.9                                     827.2
1841    2.8    2.8    2.5   28.3    1.9  254.5  299.4  227.7   96.4   99.5   62.7    2.3 1080.8    5.6   32.8  877.9  164.5
1842    6.2    2.5    1.9    0.1   31.0  194.7  388.1  417.6  223.3   30.3   23.8    1.2 1320.7    8.7   32.9 1223.7   55.3
1843   17.9    1.1   37.3   36.4   31.0  140.6  396.6  264.3  211.5   96.1    0.0    1.6 1234.6   19.0  104.8 1013.0   97.8
1844    1.9    1.7    9.0    6.3   65.1  243.1  278.9  148.9  159.2   56.5    0.0    4.9  975.5    3.5   80.5  830.2   61.4
1845    2.0    3.7    9.5    2.5   68.2  243.6  227.6  173.6  170.8   56.4   13.7    1.1  972.6    5.6   80.2  815.7   71.1
1846    0.9    7.0    0.2    1.1   40.8  376.0  362.7  170.3  163.0   55.5   31.2   12.1 1220.7    7.9   42.0 1072.0   98.8
1847    1.3    8.6    5.6   41.0   84.1  290.0  217.6  162.7  135.8   80.8  104.9    0.9 1133.6    9.9  130.7  806.2  186.7
1848    1.1    1.2    4.8   17.2   93.4  279.7  227.7  143.9   97.9  102.9   14.8    0.9  985.4    2.3  115.4  749.2  118.6
1849    6.7    1.0    1.4   23.2   30.6  259.3  451.8  220.1  324.5   35.7   13.0    1.7 1369.0    7.6   55.2 1255.7   50.4
1850    1.6    3.9    2.0    7.6   10.6  178.7  240.6  137.3  133.9  155.6   17.2    1.9  890.9    5.6   20.2  690.5  174.7
1851    1.7    1.1    2.0    6.0   21.2  231.2  486.5  262.8   96.8   80.2   44.4    1.9 1236.0    2.9   29.1 1077.4  126.6
1852    1.2    1.2    4.4    9.3   58.4  199.4  280.5  207.7  184.4   94.8    2.2   44.5 1088.0    2.4   72.1  872.1  141.5
1853   17.2    1.1   58.7   15.0   40.0  263.1  187.0  217.0  103.8   27.9   23.1    0.8  954.8   18.3  113.7  770.9   51.8
1854    1.0    1.5    1.3    3.3   14.4  158.4  432.9  153.2  211.0  182.7   20.1    7.0 1186.9    2.6   18.9  955.6  209.8
1855    1.2    6.9   14.9   20.2    6.7  200.5  177.1  137.4   98.1   71.5    9.1    0.6  744.1    8.1   41.8  613.0   81.1
1856    1.1    0.8    4.8   15.0   99.9  238.0  261.3  207.9   95.1   43.8   23.0    4.3  995.1    1.9  119.7  802.3   71.2
1857    7.9    1.0    5.7   18.8   92.7  173.1  153.8  219.5  146.7   93.0   49.7    0.4  962.5    9.0  117.3  693.2  143.1
1858    1.1    1.3    3.3    7.8   64.4  152.2  247.1  105.1  194.4  104.4   22.6    0.4  904.3    2.4   75.6  698.9  127.5
1859    0.0    0.4    5.9   43.1   26.7  195.4  320.2  248.1  133.4   39.6    8.9    2.2 1023.9    0.4   75.7  897.1   50.6
1860    0.0    1.6    0.9   14.3    4.7  221.0  241.6  172.8  217.4   64.2    0.0    0.4  938.8    1.6   19.9  852.7   64.5
1861   16.0    0.2    6.1    6.8   29.7  224.7  389.1  410.1  117.2   52.9    1.2    0.3 1254.2   16.2   42.5 1141.1   54.4
1862    4.1    0.4    3.3    8.5    7.5  238.8  130.3  195.5  283.9  114.2   16.8    2.1 1005.2    4.5   19.3  848.5  133.0
1863    1.4    0.4   27.6   16.6    6.2  241.9  296.5  161.6  158.1   62.1    1.7    7.7  981.6    1.9   50.3  858.0   71.4
1864    5.6    0.2    0.1    7.7   25.5  266.6  248.7  186.3  107.3    2.5   27.8    0.2  878.4    5.7   33.3  808.9   30.5
1865    3.1   13.2    9.9   44.9   43.8  152.6  230.8  416.1   72.6   74.9   18.5    2.1 1082.5   16.3   98.6  872.1   95.4
1866    0.0    0.1    3.6    2.7   12.7  152.4  353.7  239.6   97.6   93.5    4.9    5.3  966.0    0.1   18.9  843.3  103.6
1867    0.3    0.0   11.8   12.2   13.3  237.1  241.5  248.3  160.3  150.3   11.2    0.3 1086.7    0.3   37.3  887.2  161.9
1868   22.5    0.0   13.2    8.3   25.1  263.8  268.3  233.8  105.1   17.8    1.7    1.8  961.6   22.5   46.6  871.1   21.4
1869    0.0    0.0    1.1    3.8   26.5  200.4  197.7  282.5  211.5   87.9   17.2   18.7 1047.3    0.0   31.5  892.0  123.8
1870   11.6    0.0   12.9    5.6    9.3  232.4  389.4  170.3  172.0  161.7    9.3    0.0 1174.5   11.6   27.8  964.1  171.0
1871   48.0    0.1    1.9   10.8   26.5  151.6  177.5  121.4  123.5   35.6   21.0    0.9  718.8   48.1   39.2  574.0   57.5
1872    0.0    0.0    0.7   21.0    9.4  243.4  322.7  152.5  245.2   56.4    3.6   29.7 1084.6    0.0   31.1  963.8   89.7
1873    1.5    7.1    0.9   12.3   49.1  181.8  227.4  219.6  185.9   45.4   16.2    0.1  947.4    8.6   62.3  814.8   61.7
1874    0.0    2.1    0.4    9.2   44.1  243.4  428.6  143.6  266.6   59.1    5.7    1.8 1204.7    2.1   53.7 1082.2   66.7
1875    0.7    3.2    3.9   12.3   19.6  273.7  344.5  188.1  260.8   59.8    3.5    8.7 1178.7    3.9   35.7 1067.1   72.0
1876    0.2    0.0    5.7    4.6    2.6  139.5  277.9  162.6   90.3    5.3    1.2    0.0  690.0    0.2   12.9  670.4    6.4
1877   11.8    9.3    6.2   26.4   18.4  209.5  112.6  144.1  184.0  138.8    7.4   27.3  895.8   21.1   51.0  650.2  173.5
1878    0.0    0.7    3.5   21.7   11.7  190.2  443.9  451.9  320.8  138.4   26.5    0.5 1609.9    0.8   36.9 1406.8  165.4
1879    0.0    4.3    1.7    5.3   87.3  229.4  196.7  370.4   96.8   68.1   17.0    0.4 1077.5    4.3   94.3  893.3   85.5
1880    0.0    0.0    5.2    9.3   16.1  213.8  259.0   96.0  267.8   90.0   31.9    2.2  991.3    0.0   30.6  836.6  124.1
1881    0.0    0.1   10.8   14.4   20.5  166.0  289.4  207.3  156.1   61.9   41.7    0.7  969.0    0.2   45.8  818.7  104.4
1882    5.5    0.0    2.5    7.7   29.5  317.0  389.7  116.0  236.3   32.3   37.9    2.1 1176.7    5.5   39.8 1059.0   72.3
1883    2.9    0.0   10.4    6.7   16.5  291.7  340.3  287.7  264.9  141.8   16.4    0.1 1379.5    2.9   33.6 1184.6  158.3
1884    6.6    0.2    1.5   12.8    8.1  107.8  368.2  201.7  279.5   88.0    3.0   58.2 1135.7    6.8   22.5  957.2  149.2
1885    0.1    0.6    5.2   13.0   38.1  118.8  282.5  215.1  187.4  120.3   26.6   40.3 1047.9    0.7   56.3  803.7  187.2
1886    0.0    0.0    0.4    4.4   53.4  308.4  377.3  211.1   90.2  190.7   10.7   24.9 1271.5    0.0   58.1  987.0  226.3
1887    0.5    0.0    1.3   10.1   28.1  269.7  368.7  242.2  190.5   87.6   51.8    3.1 1253.6    0.5   39.5 1071.2  142.4
1888   25.9    5.6    4.6    7.3   30.2  200.9  293.5  166.9  104.9   32.4   67.3    1.6  941.1   31.5   42.2  766.2  101.2
1889    0.0    0.3    1.6   15.6   21.3  218.0  346.0  187.7  205.5  147.2    2.6    0.4 1146.4    0.3   38.6  957.2  150.2
1890    0.0    0.0    2.7   20.3   10.2  284.6  310.3  203.6  175.0   50.0   60.2   25.9 1142.9    0.0   33.3  973.5  136.1
1891    3.0   10.9    7.9   13.9   14.9   77.8  353.9  165.2  239.5   56.0    3.5    0.2  946.9   13.9   36.7  836.5   59.7
1892    0.1    1.9    0.0   21.5   32.3  237.1  320.7  429.8  338.2  181.4   13.3    0.3 1576.4    2.0   53.9 1325.7  194.9
1893    8.9    5.2   63.1    9.9   80.4  301.6  211.8  272.9  174.2  122.4   42.4    0.0 1293.0   14.1  153.5  960.5  164.8
1894    2.7    5.9   10.2   12.1   14.0  191.0  360.1  177.2  273.2   98.2   18.9    0.1 1163.4    8.6   36.3 1001.4  117.2
1895    1.0    8.8    1.4   21.9   13.9  188.2  282.6  193.6  248.2  118.6   17.5    0.8 1096.5    9.8   37.2  912.6  136.9
1896    0.5    0.0    1.4    7.8   20.4  236.8  372.7  259.1   41.4   12.0   28.9   10.0  990.9    0.5   29.7  909.9   50.8
1897    2.8    1.7    0.8   16.0   21.0  144.0  346.7  227.1  252.6   95.4    2.2    0.0 1110.4    4.5   37.8  970.5   97.6
1898    0.0   14.0    5.3   21.4   18.3  215.6  354.0  117.4  237.8   48.9   20.6    1.6 1054.8   14.0   45.0  924.8   71.0
1899    0.0    1.8    2.4   40.4   20.6  196.2   56.2   90.1  116.5   17.6    0.1    0.1  542.1    1.8   63.5  459.0   17.8
1900    1.2    0.0    4.8   19.0    9.9  170.4  323.9  292.4  169.2   17.8    4.3    0.1 1012.9    1.2   33.6  955.9   22.2
1901   14.1   18.0   13.8   47.9   32.2  237.5  273.8  229.9   93.4   61.0    9.5    0.6 1031.8   32.2   94.0  834.6   71.1
1902    1.8    0.0    0.4    9.1   13.0  130.9  255.0  185.1  262.8   72.9   36.7   50.6 1018.3    1.8   22.4  833.9  160.2
1903    4.1    0.2    0.2    3.2   75.7  143.9  409.7  270.9  193.9  132.0   22.3    6.9 1263.0    4.3   79.1 1018.4  161.1
1904    0.4    1.6   10.0    4.8   22.0  232.5  198.2   93.4  195.3   81.1    0.0    0.3  839.7    2.0   36.8  719.5   81.4
1905    1.1    3.5    3.5    7.9   21.0  108.5  221.6  152.6  134.0   60.3    6.6    0.0  720.6    4.7   32.3  616.7   66.9
1906   19.1    1.2    1.5    1.0   13.2  243.6  318.6  239.5  109.6   39.0   14.5   23.3 1024.1   20.3   15.7  911.3   76.8
1907    1.2   10.5    3.7   62.7    1.5  190.8  350.6  286.2   97.2    5.0    6.3    3.3 1019.3   11.7   68.0  924.9   14.7
1908    1.3    2.1    6.9    7.1   12.6  149.8  351.7  220.7  251.6   12.2    0.8    1.0 1017.8    3.4   26.6  973.8   14.0
1909    2.3    2.5    3.2   12.0   25.7  255.6  336.6  162.7  199.6   18.2    3.0   18.7 1040.2    4.9   40.9  954.5   39.9
1910    0.0    0.0    2.4    1.5   17.0  266.6  194.1  267.4  278.5   70.7   38.9    0.0 1137.1    0.0   20.9 1006.6  109.6
1911    5.2    0.0    1.7    4.1   16.2  152.8  217.4  212.5   78.7   29.5   27.7    3.5  749.5    5.2   22.0  661.5   60.8
1912    0.0   13.1    0.2   13.3   17.1  140.7  396.7  217.9   71.1   56.6   52.3    0.3  979.2   13.1   30.5  826.4  109.2
1913    0.0    4.8    0.2   10.7   36.3  296.3  329.4  125.3  104.3   55.7    1.9    7.7  972.7    4.8   47.2  855.4   65.3
1914    0.0    3.0    2.8    7.2   17.7  276.4  415.6  275.7  277.9   14.7   22.8   11.1 1324.7    3.0   27.6 1245.6   48.5
1915   18.3    2.5   37.5   19.8   18.7  278.4  252.1  147.8  259.2   94.1   22.8   12.1 1163.2   20.8   76.0  937.4  129.0
1916    0.0    2.5    0.8    9.0   49.4  239.8  358.3  233.4  296.2  163.3   86.1    0.0 1438.9    2.5   59.2 1127.8  249.5
1917    0.2   37.4   13.0    8.1   27.5  235.4  200.3  307.6  301.3  190.0   32.0    0.0 1352.7   37.6   48.6 1044.6  222.0
1918    5.9    0.6    3.4    5.2  143.7  108.5  109.7  141.7   94.9    8.1   37.3    8.9  667.9    6.5  152.4  454.7   54.2
1919   11.5    4.0    2.7    6.4   32.0  230.0  284.8  162.5  200.9   65.4   45.3    4.6 1050.0   15.5   41.1  878.1  115.3
1920   27.5    0.9    0.4   15.6   16.0  133.8  203.6  115.3  123.4   27.4    0.4    0.0  664.4   28.4   32.0  576.1   27.8
1921    2.6    0.0    0.7   14.0    2.3  223.8  362.5  158.4  152.3   59.6   31.0    0.0 1007.1    2.6   17.0  896.9   90.6
1922   31.5    2.0    0.0   15.6   21.1  238.0  303.5   96.1  160.5   45.3   96.0    1.1 1010.7   33.5   36.7  798.1  142.4
1923    1.3   10.7   30.0   11.2   16.3   60.9  443.2  134.3  234.2    7.8    0.0    1.3  951.2   12.0   57.5  872.7    9.1
1924    3.7    0.1    3.3   15.1    6.7  121.8  260.6  232.1  195.6   59.8   16.5    6.0  921.1    3.8   25.1  810.1   82.2
1925    0.0    0.0    1.6   10.2   57.1  213.1  182.7  178.5   95.5   68.4   41.4    8.3  856.7    0.0   68.8  669.8  118.1
1926   42.1    1.7    1.8    9.8   28.1   95.7  313.8  343.2  192.9   21.0    3.2    0.8 1054.2   43.9   39.7  945.6   25.0
1927    0.0    2.3    5.1    5.8   17.4  263.9  306.9  106.2  169.6   65.8   88.2    1.7 1032.9    2.4   28.2  846.5  155.7
1928    0.1   26.9    9.3    9.7    4.7  222.8  287.8  212.6  229.7   87.0    1.4    9.7 1101.6   27.0   23.7  952.8   98.1
1929    1.2   22.8    2.5   32.4   11.0  241.4  218.5  111.9  174.4   75.9    8.3    6.8  907.2   24.0   45.9  746.2   91.1
1930    0.0    0.8    3.1    9.5   21.4  257.2  198.0  134.4  278.0  100.2   23.2    3.0 1028.9    0.8   34.1  867.7  126.4
1931    0.2    0.4    6.5   12.5   11.5  152.6  457.9  242.3  197.9  178.4   67.2   16.4 1343.8    0.6   30.5 1050.8  261.9
1932    0.0    8.6    5.2   16.3   29.6  145.3  428.7  191.9  182.2  132.0   41.0    3.5 1184.4    8.6   51.1  948.1  176.6
1933    1.4    6.4    9.6   20.1   87.9  258.8  259.8  282.3  265.4  105.5   26.9   26.6 1350.9    7.9  117.6 1066.4  159.1
1934    3.4    0.0    0.6   16.2    4.6  243.9  307.9  301.5  158.0   32.2   64.6    0.0 1132.9    3.4   21.4 1011.3   96.8
1935    9.5    0.8    0.3   19.7    4.5  242.1  300.1  208.9  182.1   85.8    4.5    1.2 1059.5   10.3   24.4  933.2   91.5
1936    1.1   22.8    6.5    7.7   35.8  305.6  164.9  162.1  174.2   32.0   95.3    2.0 1009.9   23.9   50.0  806.8  129.2
1937    0.0   16.6   15.5   71.6    5.1  217.0  407.8   71.8  205.5  108.0    0.1    8.3 1127.3   16.6   92.2  902.0  116.4
1938    0.2    9.9   21.5   13.1   41.3  348.1  301.1  241.5  211.5  118.6    9.0    0.8 1316.6   10.1   75.8 1102.2  128.5
1939    0.6    0.0    8.8    9.0    1.6  133.5  300.1  246.5  100.0   53.1   22.4    0.2  875.9    0.6   19.4  780.1   75.7
1940    1.3    2.8    0.9   19.8   34.3  250.9  299.6  270.1  143.3  109.6   22.2    4.6 1159.4    4.1   55.0  963.9  136.4
1941   16.5    5.7    3.8    7.0   10.6  118.4  269.7  124.5  143.6   34.2    0.1    3.5  737.5   22.2   21.4  656.2   37.7
1942    0.1   17.4    0.7   17.5   13.4  318.4  369.2  237.0  120.7   22.8    2.3   28.8 1148.4   17.4   31.7 1045.3   54.0
1943   17.7    0.1    1.6   12.4   84.9  228.4  320.5   88.0  241.5  150.2   14.7    0.0 1159.9   17.8   98.8  878.3  164.9
1944    1.5    9.1   37.3    2.2   22.1  167.6  434.9  228.0  153.6  114.5   15.8    0.0 1186.4   10.5   61.5  984.1  130.3
1945    4.8    0.0    0.0   10.6    7.3  206.0  372.3  245.3  179.6   43.8    5.5    0.6 1075.7    4.8   17.9 1003.2   49.8
1946    0.0    8.9    2.2   23.7   34.9  235.1  315.5  250.7  174.3   33.2  112.6   10.2 1201.3    8.9   60.8  975.6  156.0
1947   16.0    8.5    7.8   27.8   19.1  110.3  299.0  328.8  253.3   29.9    4.7   16.1 1121.3   24.4   54.6  991.5   50.7
1948   14.0    2.0    4.5   15.0    9.7  185.2  314.7  230.0  197.4   53.9  136.6    0.1 1163.1   16.1   29.2  927.3  190.6
1949    0.7    1.3    2.5    8.0   63.5  172.7  329.6  192.7  420.5   83.7    6.5    0.0 1281.8    2.0   74.0 1115.5   90.3
1950    0.0    7.9    5.6    4.3   23.7  105.4  384.7  135.9  271.6   67.4    4.2    3.9 1014.4    7.9   33.6  897.5   75.4
1951    1.3    0.0    8.1   16.2   33.0  218.5  364.4  149.4  100.6  121.2   15.2    0.0 1027.8    1.3   57.3  832.9  136.4
1952    0.0    7.2    0.3   15.2   54.4  206.2  284.4  142.2   86.7   83.7    0.0    4.1  884.4    7.2   69.9  719.5   87.8
1953    1.0    0.0    0.3   22.7    1.4  260.3  380.4  261.2  179.9  137.4    0.0    0.0 1244.6    1.0   24.4 1081.9  137.4
1954    0.6    1.0   13.1   10.9   12.1  208.5  453.9  272.5  295.8   35.5    0.3    6.5 1310.5    1.6   36.0 1230.6   42.3
1955    4.4    0.0    5.1   13.8   37.6  254.5  283.9  406.7  241.9  145.6   10.6    0.0 1404.0    4.4   56.5 1186.9  156.3
1956    0.6    1.9    1.3   13.5   88.5  225.8  460.4  212.9  216.5  128.2   60.9    3.0 1413.4    2.5  103.3 1115.6  192.1
1957    0.3    1.5   15.5   28.7   38.9  194.6  284.5  311.5   94.4   93.4   22.0    0.0 1085.3    1.8   83.2  884.9  115.4
1958    0.6    1.0    8.5   25.1   38.8  207.0  413.6  439.4  163.0   63.9   29.1    0.0 1390.0    1.6   72.4 1223.0   93.0
1959    1.9    0.1    0.2   16.5   28.0  264.2  389.2  255.8  267.1  115.7   20.9    1.2 1360.9    2.0   44.7 1176.3  137.9
1960    8.1    0.0   20.4   10.3   66.1  252.8  275.6  137.0  224.0   56.5   16.9    1.5 1069.2    8.1   96.8  889.5   74.9
1961    0.1    3.5    4.0   14.4  102.7  205.4  453.3  201.1  144.9  159.0    6.1    0.9 1295.4    3.6  121.1 1004.8  165.9
1962    1.3    3.4   10.9   36.9   62.7  115.9  328.6  240.5  255.5   61.1   28.1   71.5 1216.6    4.7  110.6  940.5  160.8
1963    0.2    6.2   11.3   21.5   31.2  216.5  321.9  442.8   99.1  115.8    5.3    0.6 1272.5    6.5   64.0 1080.4  121.7
1964    0.2    1.0    5.9    8.4    6.4  221.2  305.9  276.9  273.1   84.7   16.2    1.6 1201.6    1.2   20.7 1077.1  102.5
1965    7.4    1.5    0.7   15.0   13.2  176.8  408.4  207.7  112.3    6.2    6.2   25.3  980.8    8.9   29.0  905.2   37.7
1966   11.6    1.1    6.5    6.0   59.0  115.3  375.3  126.2  210.4   28.9   79.3   18.4 1037.9   12.7   71.5  827.1  126.6
1967    2.1    0.4   14.3   13.9   12.4  225.1  432.6  153.4  162.7   51.0    2.6   45.0 1115.4    2.5   40.6  973.7   98.6
1968    4.9   11.7   17.3   21.1   13.9  138.4  284.9  144.9  193.8   72.7   17.4    2.0  923.2   16.7   52.3  762.1   92.1
1969    0.5    0.1    2.8    7.0   18.8  180.3  345.1  203.7  261.9   36.7   29.4    1.3 1087.4    0.6   28.5  991.0   67.3
1970    4.5    0.2    1.0   14.9   48.8  308.8  247.4  415.5  201.9   66.6    0.0    0.0 1309.5    4.6   64.8 1173.5   66.6
1971    1.0    1.3    2.3   10.4   51.2  258.7  141.5  223.8  169.2   89.1    1.4    0.0  949.9    2.3   63.9  793.2   90.5
1972    0.0    1.0    0.3   12.3   20.9  190.4  187.2  124.1   92.3   15.5   29.9    0.8  674.9    1.0   33.6  594.1   46.2
1973    0.2    1.7    0.1    7.4   12.2  163.0  302.6  335.0  179.9  132.6    5.3    0.5 1140.5    1.9   19.8  980.5  138.4
1974    0.5    0.4    5.0   17.2   65.0  140.5  284.7  223.6  173.7  160.1    1.3    1.0 1073.2    0.9   87.2  822.6  162.5
1975    6.2    6.2   11.1    3.6   26.4  237.2  316.9  289.3  306.6  172.0    9.6    0.0 1385.0   12.3   41.1 1149.9  181.7
1976    0.5    0.0    4.5   18.0    9.5  191.4  374.0  265.8  130.4    8.4   59.2    0.8 1062.5    0.5   32.0  961.5   68.5
1977    0.4    1.6    8.7   18.2   38.0  205.4  347.1  191.5  125.3   77.9   79.3    3.9 1097.3    2.0   64.9  869.4  161.1
1978    6.1   17.4    8.9   26.3   46.5  298.9  284.2  243.6  151.1   60.0   44.5    9.5 1197.1   23.5   81.8  977.9  114.0
1979    9.4   15.2    4.4    2.5   43.3  219.5  210.9  272.6  229.3   25.3   94.4    3.1 1129.9   24.7   50.2  932.3  122.7
1980    1.8    0.5    4.3   19.3    8.4  298.2  222.7  309.2  105.5   14.0   10.2   15.2 1009.3    2.2   32.0  935.6   39.4
1981   13.8    0.7   15.0   14.6   19.4  214.5  327.2  243.7  339.5   61.4   10.5    5.6 1265.8   14.5   49.0 1124.8   77.5
1982   13.7    2.0    6.5   18.0   41.6  180.8  329.7  188.8  157.0   50.4   47.4    0.0 1035.8   15.7   66.0  856.3   97.8
1983    0.2    0.1    1.1    0.9   14.1  193.4  363.4  441.5  340.3  102.5    5.6    9.0 1472.1    0.3   16.1 1338.7  117.1
1984    4.2   14.2    7.1    8.9    1.9  182.9  353.6  165.5  147.7  103.6    3.1    3.3  996.0   18.4   17.8  849.7  110.1
1985    8.2    0.0    4.6   12.6   26.7  268.9  266.3  179.4   87.5  108.2    3.3    1.7  967.4    8.2   43.8  802.1  113.3
1986   11.7   14.1    1.3    8.6   15.9  238.8  192.0  212.6   89.4   12.4   20.1   20.7  837.7   25.7   25.8  732.8   53.3
1987    6.7    5.9    4.6    3.0   33.6  198.9  237.7  298.5   67.0  119.5   74.1   21.8 1071.3   12.6   41.2  802.2  215.4
1988    0.0    2.4    2.7   26.5   14.6  173.6  458.1  296.3  379.4   46.9    3.1    8.3 1411.9    2.4   43.8 1307.4   58.3
1989    0.3    0.0   29.4    6.3   10.8  246.6  390.4  225.2  184.7   27.5    6.7   10.8 1138.7    0.3   46.5 1046.8   45.0
1990    1.9    0.8    1.7    2.2  135.7  293.2  193.3  382.5  163.5  140.0   20.3   10.8 1346.0    2.7  139.6 1032.5  171.1
1991    1.6    0.8    1.9   20.2   25.5  320.5  399.0  177.7   68.7   20.0   14.2    0.4 1050.6    2.4   47.7  965.9   34.6
1992    0.0    0.1    0.2    8.0   26.3  205.8  210.8  332.1  141.6   56.9   32.8    0.0 1014.7    0.1   34.4  890.4   89.8
1993    0.0    1.8    9.6   11.0   40.9  187.5  346.0  208.0  196.8  169.2    7.5   29.3 1207.6    1.8   61.6  938.2  206.0
1994    5.4    2.8    0.4   23.9   19.2  261.8  393.8  217.3  139.8  123.2   12.3    0.0 1199.9    8.3   43.5 1012.7  135.5
1995   36.1    1.0   18.7   13.2   28.8  115.4  362.6  160.4  178.6  163.3    3.7    0.0 1081.7   37.1   60.7  817.0  167.0
1996    0.6    0.8    0.8   14.9   16.0  194.0  329.5  256.1  191.7  147.6    7.7    1.6 1161.3    1.4   31.8  971.2  156.8
1997   15.0    0.0    5.3   24.3   13.9  201.8  255.9  249.0  117.3   62.2   58.9   55.2 1058.7   15.0   43.5  823.9  176.3
1998    2.0    1.5    3.9    8.9   32.3  232.8  310.3  319.1  283.3  189.3   31.4    1.0 1415.9    3.6   45.1 1145.6  221.6
1999    0.0   11.0    0.2    0.3   81.9  255.0  274.2  159.1  199.2  129.6    0.3    0.0 1110.8   11.0   82.3  887.5  130.0
2000    0.5    9.0    0.6    6.1   87.3  235.8  331.8  294.8   80.8   52.2    5.2    2.1 1106.1    9.4   94.0  943.2   59.4
2001    6.7    1.6    5.7   19.8   24.1  215.3  163.5  244.4  159.0  133.2    2.8    1.9  978.0    8.4   49.6  782.2  137.9
2002    8.3    2.9    1.3   12.5   27.8  326.1   89.3  291.8  111.1   81.8    5.2    0.1  958.0   11.1   41.6  818.2   87.1
2003    0.8    3.8    7.8   13.4    0.6  215.3  340.2  212.2  103.1   47.6    6.8    0.8  952.4    4.6   21.8  870.8   55.2
2004    9.0    0.4    2.2   21.0   65.6  186.0  262.8  253.5  171.4   57.8   14.3    0.0 1043.9    9.3   88.9  873.7   72.1
2005   17.2    2.9    9.4   27.6   20.0  238.6  406.1  262.4  291.8  110.0    3.1    0.2 1389.4   20.2   56.9 1199.0  113.3
2006    0.0    0.6   33.5    9.5  108.8  231.4  298.1  400.8  205.8   72.4   36.6    0.2 1397.7    0.6  151.8 1136.1  109.1
